102
1
0 1.0
20
0.07879 0.01516 0.05352 0.06683 0.03971 0.06951 0.02292 0.05901 0.05944 0.09637 0.02377 0.04144 0.04829 0.03956 0.05410 0.06834 0.05407 0.06734 0.01141 0.03041
0.06980 0.01644 0.01531 0.02732 0.06851 0.02253 0.01662 0.13769 0.03097 0.11275 0.04136 0.02255 0.01570 0.02499 0.02616 0.05549 0.05708 0.19026 0.00884 0.03965
0.05990 0.00632 0.04142 0.07622 0.01207 0.02869 0.02682 0.02209 0.15292 0.04473 0.01601 0.04710 0.02185 0.08980 0.17897 0.06935 0.05484 0.03123 0.00431 0.01539
0.06179 0.00811 0.03817 0.05877 0.01201 0.16418 0.02057 0.02077 0.08676 0.03221 0.01363 0.03906 0.01899 0.04666 0.22806 0.05732 0.04510 0.03053 0.00395 0.01338
0.06972 0.00771 0.04886 0.08006 0.01361 0.03846 0.02501 0.02433 0.09562 0.03777 0.01678 0.08033 0.02115 0.05888 0.17041 0.08556 0.07045 0.03522 0.00426 0.01579
0.06696 0.00714 0.04897 0.08167 0.01316 0.09353 0.02577 0.02355 0.13051 0.03720 0.01656 0.04975 0.02090 0.06111 0.12178 0.09499 0.05254 0.03390 0.00425 0.01577
0.07187 0.00553 0.14957 0.11040 0.01093 0.03479 0.02590 0.01856 0.15119 0.03050 0.01396 0.05891 0.02173 0.06217 0.05871 0.07865 0.05070 0.02792 0.00354 0.01448
0.04263 0.00559 0.03411 0.05454 0.00981 0.02544 0.02204 0.01751 0.43011 0.02924 0.01162 0.03621 0.01613 0.05091 0.09754 0.04198 0.03430 0.02393 0.00385 0.01251
0.08483 0.00653 0.06310 0.11303 0.01303 0.03366 0.02747 0.02243 0.14555 0.03615 0.01677 0.05633 0.02983 0.08565 0.05978 0.07897 0.06825 0.03800 0.00414 0.01651
0.08593 0.01083 0.06530 0.06227 0.01089 0.34864 0.01556 0.01867 0.04205 0.02608 0.01119 0.04278 0.02169 0.03324 0.02817 0.07966 0.05168 0.03163 0.00294 0.01079
0.08196 0.00478 0.17425 0.17416 0.00951 0.03618 0.02430 0.01576 0.07391 0.02610 0.01181 0.08071 0.02560 0.05765 0.04289 0.07286 0.04751 0.02412 0.00302 0.01292
0.09687 0.01402 0.03012 0.04116 0.01394 0.04662 0.01432 0.02673 0.04094 0.03462 0.01468 0.03425 0.02254 0.02963 0.03006 0.17568 0.27511 0.04298 0.00356 0.01217
0.04855 0.00459 0.42122 0.10191 0.00850 0.03759 0.01888 0.01298 0.04665 0.01963 0.00785 0.05772 0.01916 0.04182 0.02594 0.05980 0.03434 0.01981 0.00242 0.01065
0.04320 0.01131 0.00818 0.01451 0.07501 0.01241 0.00911 0.12034 0.01643 0.29393 0.05961 0.01192 0.00974 0.01464 0.01471 0.02426 0.03446 0.20091 0.00618 0.01913
0.03591 0.00620 0.03257 0.04002 0.03010 0.02475 0.50076 0.01706 0.04708 0.02936 0.01007 0.02695 0.01399 0.02759 0.03682 0.03345 0.02619 0.02234 0.00700 0.03180
0.06530 0.00732 0.04491 0.07923 0.01532 0.02997 0.04598 0.02739 0.10846 0.08021 0.01851 0.05277 0.02039 0.13985 0.08806 0.06379 0.05260 0.03780 0.00473 0.01740
0.10528 0.03890 0.02219 0.03181 0.01382 0.06472 0.01265 0.02510 0.03354 0.03314 0.01439 0.03084 0.02328 0.02518 0.02564 0.37787 0.06396 0.04264 0.00350 0.01154
0.50018 0.01297 0.02352 0.02834 0.01311 0.04240 0.01055 0.03017 0.02768 0.03441 0.01254 0.02625 0.01973 0.02014 0.02207 0.06746 0.05017 0.04467 0.00323 0.01039
0.04926 0.01106 0.01372 0.02324 0.03926 0.01686 0.01163 0.10998 0.02767 0.37077 0.04425 0.01748 0.02485 0.02081 0.02233 0.03266 0.03817 0.09995 0.00614 0.01993
0.04854 0.00851 0.02346 0.02500 0.00814 0.65786 0.00835 0.01131 0.02013 0.01657 0.00620 0.01989 0.01552 0.01485 0.01649 0.04051 0.02939 0.01907 0.00294 0.00727
0.05368 0.00792 0.03147 0.05592 0.03698 0.02480 0.03168 0.03129 0.09208 0.04869 0.01928 0.03733 0.01697 0.04930 0.18948 0.04977 0.04349 0.04030 0.00857 0.13097
0.03623 0.00894 0.00878 0.01407 0.04142 0.01192 0.00776 0.10724 0.01749 0.46147 0.04769 0.01103 0.00877 0.01379 0.01507 0.02140 0.02773 0.11677 0.00529 0.01713
0.03646 0.00985 0.00699 0.01208 0.03861 0.00985 0.00676 0.16781 0.01383 0.38089 0.04773 0.00947 0.00803 0.01204 0.01212 0.01866 0.02886 0.16065 0.00485 0.01445
0.04416 0.00612 0.04475 0.05646 0.01359 0.02845 0.01774 0.01872 0.06866 0.03164 0.01131 0.03568 0.01621 0.43604 0.05214 0.04240 0.03269 0.02487 0.00398 0.01438
0.07806 0.00629 0.05196 0.08812 0.01226 0.04200 0.03060 0.02159 0.18815 0.03741 0.01610 0.06255 0.02123 0.07847 0.09279 0.06760 0.05332 0.03154 0.00414 0.01580
0.09277 0.01194 0.03297 0.03644 0.01022 0.47102 0.01123 0.01753 0.02954 0.02333 0.00949 0.03011 0.02025 0.02214 0.02256 0.06765 0.04826 0.03055 0.00288 0.00912
0.07026 0.00573 0.07562 0.21570 0.01150 0.03423 0.02545 0.01984 0.08890 0.03186 0.01437 0.05748 0.02136 0.10410 0.05365 0.06630 0.05000 0.03537 0.00363 0.01465
0.11370 0.00715 0.05861 0.09684 0.01434 0.03328 0.02555 0.02544 0.10965 0.03903 0.01737 0.06223 0.09592 0.06513 0.05696 0.06812 0.05382 0.03613 0.00429 0.01647
0.08473 0.01647 0.04297 0.07513 0.02233 0.07383 0.02477 0.04127 0.09142 0.06233 0.04987 0.04627 0.02100 0.08658 0.05138 0.06934 0.05896 0.05440 0.00582 0.02111
0.04852 0.00421 0.39287 0.11360 0.00797 0.03759 0.02001 0.01351 0.05101 0.02045 0.00831 0.06092 0.01950 0.04512 0.02820 0.05321 0.04203 0.02028 0.00233 0.01036
0.40316 0.01459 0.02489 0.03355 0.01497 0.04574 0.01263 0.03469 0.03440 0.04017 0.01567 0.03043 0.02929 0.02515 0.02631 0.07845 0.05941 0.06100 0.00356 0.01193
0.19371 0.00726 0.08880 0.10105 0.01426 0.03486 0.02436 0.02524 0.07708 0.03800 0.01677 0.05753 0.02148 0.06212 0.04765 0.07792 0.05270 0.03916 0.00409 0.01596
0.07496 0.01180 0.04489 0.06538 0.03744 0.11044 0.02346 0.05130 0.06751 0.08254 0.03297 0.04162 0.02019 0.05504 0.04542 0.06390 0.06523 0.06549 0.01133 0.02908
0.03251 0.00810 0.00929 0.01395 0.04557 0.01212 0.00825 0.09284 0.01742 0.51235 0.04541 0.01092 0.00869 0.01352 0.01521 0.01993 0.02483 0.08267 0.00584 0.02058
0.09666 0.00956 0.04478 0.08250 0.01923 0.03099 0.02839 0.03519 0.09388 0.05817 0.02504 0.04818 0.02108 0.06604 0.12625 0.06765 0.05993 0.06160 0.00533 0.01956
0.10671 0.00775 0.05642 0.10032 0.01619 0.03422 0.02665 0.02874 0.09005 0.04488 0.02253 0.05312 0.02211 0.08188 0.06186 0.08937 0.09397 0.04042 0.00471 0.01812
0.08745 0.10326 0.03489 0.06718 0.02646 0.03043 0.02599 0.04976 0.06757 0.07121 0.02808 0.03971 0.02000 0.04651 0.06662 0.08313 0.05848 0.06401 0.00653 0.02273
0.03482 0.00951 0.00674 0.01144 0.03920 0.00944 0.00656 0.23454 0.01350 0.35344 0.04765 0.00901 0.00774 0.01157 0.01194 0.01756 0.02753 0.12812 0.00486 0.01484
0.08413 0.00573 0.06905 0.17887 0.01135 0.03676 0.02629 0.01937 0.10479 0.03179 0.01461 0.07268 0.02175 0.09534 0.05906 0.06875 0.05205 0.02900 0.00369 0.01492
0.15006 0.00710 0.06487 0.12323 0.01443 0.03827 0.02605 0.02533 0.08683 0.03903 0.01757 0.05742 0.02195 0.06950 0.05817 0.08093 0.06074 0.03748 0.00428 0.01676
0.03236 0.00871 0.00672 0.01186 0.06592 0.00925 0.00743 0.11132 0.01350 0.46116 0.07393 0.00919 0.00802 0.01281 0.01227 0.01779 0.02616 0.08796 0.00587 0.01778
0.10115 0.11372 0.03089 0.05626 0.02665 0.03345 0.02015 0.05067 0.05519 0.06737 0.02786 0.04075 0.02039 0.04882 0.03908 0.10141 0.06238 0.07544 0.00640 0.02196
0.06889 0.00909 0.15469 0.09860 0.01228 0.07551 0.03199 0.02101 0.08361 0.03343 0.01525 0.07706 0.02201 0.06100 0.05081 0.07725 0.05722 0.03127 0.00378 0.01525
0.05171 0.00389 0.23564 0.19164 0.00781 0.07777 0.02234 0.01261 0.06121 0.02113 0.00923 0.06636 0.02041 0.05195 0.03379 0.06050 0.03898 0.01958 0.00244 0.01101
0.05915 0.00486 0.20986 0.11144 0.00968 0.07581 0.03302 0.01608 0.07241 0.02639 0.01186 0.08730 0.02702 0.05674 0.04206 0.07052 0.04545 0.02443 0.00303 0.01292
0.04311 0.01141 0.00801 0.01316 0.02744 0.01155 0.00650 0.37929 0.01510 0.12776 0.03330 0.01060 0.00836 0.01146 0.01244 0.02130 0.03862 0.20404 0.00385 0.01271
0.14996 0.00974 0.04508 0.09153 0.02145 0.03131 0.03098 0.03957 0.07896 0.05793 0.02393 0.04690 0.02096 0.06145 0.05460 0.07041 0.06023 0.07882 0.00564 0.02055
0.06887 0.04148 0.01270 0.02299 0.04485 0.02178 0.01590 0.11208 0.02696 0.19364 0.04484 0.02040 0.01531 0.02258 0.02427 0.04368 0.05457 0.13777 0.04532 0.03003
0.07517 0.01597 0.05032 0.10327 0.01699 0.03249 0.03057 0.03322 0.09008 0.04623 0.02031 0.05224 0.02199 0.10203 0.07350 0.08901 0.07633 0.04516 0.00488 0.02024
0.08108 0.01367 0.03080 0.06216 0.03244 0.02825 0.02189 0.07986 0.05738 0.10033 0.03656 0.03645 0.02500 0.04234 0.04756 0.06984 0.11267 0.07945 0.01616 0.02613
0.12682 0.01362 0.02778 0.04874 0.03138 0.02725 0.01989 0.08262 0.05169 0.09857 0.03774 0.03333 0.06516 0.03821 0.03691 0.05830 0.05766 0.11292 0.00712 0.02429
0.08003 0.00619 0.07286 0.11999 0.01233 0.07121 0.02674 0.02106 0.09035 0.03403 0.01573 0.06877 0.02544 0.11005 0.05514 0.07966 0.05594 0.03483 0.00389 0.01575
0.08955 0.00740 0.06084 0.11934 0.01533 0.03317 0.02713 0.03166 0.09238 0.04664 0.02000 0.06119 0.03352 0.07152 0.05875 0.07903 0.08893 0.04126 0.00457 0.01780
0.08902 0.01631 0.03525 0.06186 0.02845 0.05935 0.02279 0.06607 0.06413 0.08152 0.03605 0.04007 0.04570 0.05064 0.04367 0.06676 0.09025 0.07117 0.00689 0.02406
0.07644 0.00497 0.25644 0.12338 0.00957 0.04471 0.02317 0.01604 0.06787 0.02589 0.01149 0.06091 0.03335 0.05423 0.03919 0.06581 0.04679 0.02432 0.00293 0.01249
0.09263 0.00644 0.08391 0.10664 0.01292 0.04377 0.02697 0.02219 0.09405 0.03996 0.01643 0.10840 0.02565 0.06883 0.05613 0.07744 0.06185 0.03554 0.00404 0.01623
0.08350 0.00704 0.06636 0.10051 0.01439 0.03496 0.03752 0.02637 0.09417 0.03935 0.02192 0.05647 0.02409 0.11262 0.05929 0.08063 0.07891 0.04020 0.00440 0.01731
0.07621 0.00765 0.04655 0.07848 0.01484 0.03144 0.02530 0.02683 0.09777 0.04398 0.01797 0.04812 0.11823 0.07487 0.11236 0.06784 0.05284 0.03752 0.00454 0.01666
0.03390 0.00812 0.01239 0.01869 0.08123 0.01607 0.02067 0.04429 0.02672 0.10958 0.02334 0.01735 0.01066 0.01891 0.02318 0.02701 0.02609 0.04667 0.35559 0.07956
0.07366 0.02166 0.04471 0.08526 0.02075 0.03119 0.02766 0.04039 0.08389 0.05893 0.02581 0.04774 0.02335 0.14510 0.05539 0.06820 0.06590 0.05449 0.00555 0.02036
0.10588 0.01348 0.03083 0.05407 0.03121 0.03195 0.02137 0.07477 0.05672 0.08036 0.03903 0.03640 0.05234 0.04183 0.03985 0.08755 0.06002 0.11022 0.00724 0.02487
0.09572 0.00687 0.06323 0.09886 0.01389 0.03368 0.02696 0.02413 0.09213 0.03971 0.01740 0.08381 0.04994 0.09814 0.05701 0.07602 0.06183 0.03957 0.00426 0.01683
0.11013 0.00647 0.08865 0.11051 0.01295 0.03391 0.02735 0.02220 0.09419 0.03834 0.01849 0.06892 0.02620 0.08307 0.06002 0.08499 0.06013 0.03299 0.00409 0.01641
0.12645 0.00799 0.05567 0.10118 0.01695 0.03264 0.02656 0.03144 0.09326 0.04755 0.02023 0.05727 0.03602 0.07366 0.05585 0.07818 0.05873 0.05606 0.00577 0.01855
0.08969 0.00798 0.05250 0.10284 0.01731 0.03265 0.03117 0.03127 0.09129 0.06568 0.02022 0.06850 0.03683 0.06342 0.05816 0.09510 0.06600 0.04600 0.00485 0.01856
0.09515 0.00819 0.06472 0.09504 0.01752 0.03249 0.04617 0.03622 0.08988 0.06686 0.02072 0.05195 0.02770 0.06176 0.05589 0.07696 0.08560 0.04338 0.00495 0.01884
0.12329 0.00900 0.04722 0.08691 0.01939 0.03265 0.02549 0.03528 0.08354 0.07205 0.02224 0.04918 0.04337 0.07267 0.06025 0.07581 0.06907 0.04769 0.00528 0.01961
0.09218 0.00712 0.06080 0.15335 0.01456 0.03804 0.02710 0.02545 0.09261 0.04364 0.01929 0.05497 0.02861 0.07021 0.06015 0.08443 0.06174 0.04402 0.00441 0.01731
0.03078 0.00770 0.00973 0.01380 0.03819 0.01316 0.00780 0.08267 0.01745 0.55077 0.04006 0.01076 0.00888 0.01291 0.01537 0.01930 0.02315 0.07424 0.00532 0.01796
0.08900 0.01348 0.05886 0.10111 0.01499 0.03325 0.02822 0.02634 0.09105 0.04066 0.01844 0.08612 0.02221 0.07175 0.06059 0.12493 0.05936 0.03770 0.00448 0.01745
0.43281 0.01469 0.02478 0.03149 0.01372 0.04725 0.01178 0.03102 0.03154 0.03502 0.01387 0.02982 0.02187 0.02318 0.02459 0.08733 0.05912 0.05170 0.00328 0.01111
0.04740 0.00522 0.02811 0.05630 0.00881 0.02341 0.02557 0.01727 0.19637 0.03063 0.01286 0.03794 0.01638 0.06633 0.30632 0.04366 0.03700 0.02374 0.00400 0.01269
0.07725 0.00704 0.05660 0.10644 0.01438 0.03296 0.03605 0.02623 0.09989 0.04595 0.02082 0.05577 0.02317 0.08123 0.08073 0.07923 0.09826 0.03634 0.00440 0.01726
0.06160 0.01515 0.01167 0.02106 0.10643 0.01952 0.01491 0.11146 0.02454 0.23795 0.04990 0.01853 0.01836 0.02105 0.02219 0.03912 0.04903 0.10776 0.01938 0.03039
0.07341 0.00678 0.05364 0.10241 0.01367 0.03571 0.02719 0.02383 0.10600 0.03879 0.01880 0.05693 0.03287 0.12352 0.07138 0.07544 0.08288 0.03566 0.00429 0.01679
0.04288 0.00557 0.03240 0.07061 0.00983 0.02462 0.02277 0.01808 0.12219 0.03036 0.01230 0.03641 0.01606 0.05296 0.38444 0.04225 0.03513 0.02460 0.00391 0.01263
0.07547 0.00899 0.04595 0.08351 0.01966 0.03258 0.02553 0.03583 0.08896 0.09206 0.02627 0.04866 0.03457 0.06847 0.07818 0.09246 0.06817 0.04953 0.00535 0.01980
0.06071 0.01377 0.01604 0.02839 0.03676 0.01978 0.01439 0.14263 0.03136 0.17808 0.04732 0.02140 0.07337 0.02453 0.02481 0.04020 0.04797 0.14871 0.00700 0.02279
0.08966 0.01638 0.04581 0.08017 0.02014 0.06394 0.02542 0.03923 0.08530 0.05289 0.02295 0.04852 0.02130 0.08808 0.07522 0.07224 0.06133 0.05336 0.00543 0.03264
0.03889 0.00369 0.50180 0.08604 0.00966 0.03064 0.01666 0.01189 0.04115 0.01867 0.00722 0.04847 0.01602 0.03620 0.02319 0.04242 0.02831 0.01724 0.00258 0.01926
0.07162 0.00666 0.09433 0.09449 0.02767 0.03516 0.03791 0.02365 0.08934 0.03718 0.01708 0.08462 0.03060 0.06265 0.05644 0.09028 0.05796 0.03606 0.00416 0.04215
0.01443 0.00443 0.00756 0.00887 0.03634 0.01324 0.00996 0.01332 0.01156 0.02680 0.00727 0.00830 0.00756 0.00806 0.01116 0.01182 0.01037 0.01471 0.73724 0.03700
0.02646 0.00459 0.01532 0.02677 0.00770 0.01845 0.01370 0.01149 0.07511 0.02034 0.00742 0.01960 0.01120 0.03001 0.63914 0.02454 0.02069 0.01539 0.00313 0.00896
0.03830 0.01021 0.00645 0.01006 0.02177 0.01024 0.00488 0.17139 0.01145 0.09681 0.02622 0.00851 0.00705 0.00851 0.00948 0.01809 0.02858 0.49877 0.00296 0.01027
0.06373 0.01015 0.01934 0.02343 0.01128 0.03317 0.00890 0.02529 0.02455 0.02955 0.01046 0.02109 0.01567 0.01689 0.01978 0.05171 0.56680 0.03638 0.00281 0.00902
0.07262 0.01072 0.02459 0.02810 0.01003 0.03836 0.00954 0.01492 0.02520 0.02034 0.00827 0.02485 0.01754 0.01843 0.01963 0.57535 0.04317 0.02658 0.00264 0.00912
0.01828 0.00501 0.01031 0.01210 0.08388 0.01214 0.01930 0.01912 0.01409 0.03755 0.01022 0.01282 0.00757 0.01173 0.01307 0.01690 0.01362 0.02123 0.01605 0.64500
0.08694 0.01246 0.02537 0.03125 0.00992 0.04326 0.01067 0.01782 0.02948 0.02346 0.01005 0.02823 0.01981 0.02170 0.02240 0.48863 0.07529 0.03196 0.00257 0.00872
0.10105 0.01113 0.02604 0.02839 0.00807 0.53088 0.00895 0.01414 0.02272 0.01867 0.00785 0.02539 0.01805 0.01759 0.01766 0.06322 0.04458 0.02637 0.00224 0.00701
0.02383 0.00626 0.00707 0.00987 0.03362 0.01025 0.00591 0.07112 0.01246 0.63508 0.03651 0.00782 0.00708 0.00971 0.01141 0.01428 0.01800 0.06088 0.00445 0.01440
0.05249 0.00592 0.04684 0.06791 0.01074 0.02840 0.02148 0.01815 0.09137 0.02937 0.01253 0.04223 0.01741 0.32554 0.07767 0.06873 0.04048 0.02611 0.00355 0.01307
0.05838 0.00646 0.04563 0.07448 0.01577 0.02807 0.02401 0.02367 0.09198 0.03700 0.01606 0.05664 0.01862 0.24212 0.07337 0.05762 0.04668 0.03282 0.00457 0.04606
0.07004 0.00649 0.04898 0.08278 0.01286 0.04165 0.11791 0.02264 0.09241 0.03572 0.01614 0.05378 0.02018 0.06290 0.11329 0.09855 0.05152 0.03260 0.00405 0.01550
0.09659 0.01149 0.03274 0.04602 0.01342 0.32599 0.02141 0.02394 0.04352 0.03333 0.01443 0.03421 0.01997 0.03177 0.03037 0.09710 0.05333 0.05461 0.00350 0.01226
0.07627 0.00827 0.04571 0.07838 0.02189 0.03903 0.07874 0.03144 0.07927 0.04603 0.02018 0.04722 0.02044 0.06713 0.05060 0.15768 0.05665 0.05211 0.00483 0.01812
0.07964 0.00747 0.04891 0.08232 0.01454 0.07240 0.04890 0.02573 0.08394 0.03913 0.01758 0.05232 0.02080 0.05751 0.06038 0.15658 0.07446 0.03678 0.00426 0.01635
0.08383 0.01507 0.02109 0.03757 0.04888 0.03214 0.01864 0.13716 0.04093 0.11211 0.03708 0.03141 0.04480 0.03546 0.03983 0.05307 0.06039 0.11481 0.00824 0.02750
0.15999 0.01503 0.02073 0.03692 0.04032 0.03024 0.01839 0.07300 0.04025 0.13097 0.04568 0.02748 0.02314 0.03113 0.03118 0.05088 0.06259 0.12012 0.00817 0.03379
0.06608 0.00871 0.04005 0.06951 0.02412 0.02819 0.02311 0.03738 0.07650 0.08434 0.03261 0.05392 0.01908 0.19826 0.05124 0.06071 0.05247 0.04832 0.00537 0.02002
0.06203 0.00542 0.17965 0.14908 0.01079 0.03251 0.02400 0.01846 0.07834 0.03326 0.01357 0.05457 0.02038 0.05754 0.04715 0.10232 0.04847 0.04523 0.00338 0.01386
0.04788 0.01005 0.00793 0.01413 0.04055 0.01186 0.00885 0.12899 0.01666 0.43902 0.04703 0.01151 0.00922 0.01442 0.01484 0.02323 0.03143 0.09461 0.00968 0.01813
0.07879 0.01516 0.05352 0.06683 0.03971 0.06951 0.02292 0.05901 0.05944 0.09637 0.02377 0.04144 0.04829 0.03956 0.05410 0.06834 0.05407 0.06734 0.01141 0.03041
401
0 0 0.97087
0 1 0.00001
0 2 0.00001
0 3 0.00001
0 4 0.00001
0 5 0.00001
0 6 0.00001
0 7 0.00001
0 8 0.00001
0 9 0.00001
0 10 0.00001
0 11 0.00001
0 12 0.00001
0 13 0.00001
0 14 0.00001
0 15 0.00001
0 16 0.00001
0 17 0.00001
0 18 0.00001
0 19 0.00001
0 20 0.00001
0 21 0.00001
0 22 0.00001
0 23 0.00001
0 24 0.00001
0 25 0.00001
0 26 0.00001
0 27 0.00001
0 28 0.00001
0 29 0.00001
0 30 0.00001
0 31 0.00001
0 32 0.00001
0 33 0.00001
0 34 0.00001
0 35 0.00001
0 36 0.00001
0 37 0.00001
0 38 0.00001
0 39 0.00001
0 40 0.00001
0 41 0.00001
0 42 0.00001
0 43 0.00001
0 44 0.00001
0 45 0.00001
0 46 0.00001
0 47 0.00001
0 48 0.00001
0 49 0.00001
0 50 0.00001
0 51 0.00001
0 52 0.00001
0 53 0.00001
0 54 0.00001
0 55 0.00001
0 56 0.00001
0 57 0.00001
0 58 0.00001
0 59 0.00001
0 60 0.00001
0 61 0.00001
0 62 0.00001
0 63 0.00001
0 64 0.00001
0 65 0.00001
0 66 0.00001
0 67 0.00001
0 68 0.00001
0 69 0.00001
0 70 0.00001
0 71 0.00001
0 72 0.00001
0 73 0.00001
0 74 0.00001
0 75 0.00001
0 76 0.00001
0 77 0.00001
0 78 0.00001
0 79 0.00001
0 80 0.00001
0 81 0.00001
0 82 0.00001
0 83 0.00001
0 84 0.00001
0 85 0.00001
0 86 0.00001
0 87 0.00001
0 88 0.00001
0 89 0.00001
0 90 0.00001
0 91 0.00001
0 92 0.00001
0 93 0.00001
0 94 0.00001
0 95 0.00001
0 96 0.00001
0 97 0.00001
0 98 0.00001
0 99 0.00001
0 100 0.00001
1 2 0.06546
2 3 0.97525
3 4 0.97581
4 5 0.97581
5 6 0.97581
6 7 0.97581
7 8 0.97581
8 9 0.97621
9 10 0.97621
10 11 0.97621
11 12 0.97621
12 13 0.97621
13 14 0.97621
14 15 0.97621
15 16 0.97623
16 17 0.97623
17 18 0.97623
18 19 0.97623
19 20 0.97623
20 21 0.97623
21 22 0.97623
22 23 0.97623
23 24 0.97623
24 25 0.97623
25 26 0.97623
26 27 0.97623
27 28 0.97623
28 29 0.97623
29 30 0.97623
30 31 0.97623
31 32 0.97623
32 33 0.97623
33 34 0.97623
34 35 0.97623
35 36 0.97623
36 37 0.97623
37 38 0.97623
38 39 0.97623
39 40 0.97623
40 41 0.97623
41 42 0.94721
42 43 0.97624
43 44 0.97624
44 45 0.97624
45 46 0.97624
46 47 0.97624
47 48 0.97624
48 49 0.97624
49 50 0.97624
50 51 0.97624
51 52 0.97624
52 53 0.97624
53 54 0.97624
54 55 0.97624
55 56 0.97637
56 57 0.97637
57 58 0.97637
58 59 0.97637
59 60 0.97637
60 61 0.97637
61 62 0.97636
62 63 0.97636
63 64 0.97636
64 65 0.97636
65 66 0.97636
66 67 0.97636
67 68 0.97636
68 69 0.97636
69 70 0.97656
70 71 0.97656
71 72 0.97656
72 73 0.97656
73 74 0.97684
74 75 0.97688
75 76 0.97688
76 77 0.97688
77 78 0.97688
78 79 0.97688
79 80 0.97688
80 81 0.98076
81 82 0.98076
82 83 0.98076
83 84 0.98076
84 85 0.98076
85 86 0.98076
86 87 0.98076
87 88 0.98076
88 89 0.98076
89 90 0.98076
90 91 0.98076
91 92 0.98076
92 93 0.98076
93 94 0.98076
94 95 0.98076
95 96 0.98076
96 97 0.75301
97 98 0.98075
98 99 0.98075
99 100 0.98075
0 1 0.00020
1 101 0.50000
0 2 0.00020
2 101 0.50000
0 3 0.00020
3 101 0.50000
0 4 0.00020
4 101 0.50000
0 5 0.00020
5 101 0.50000
0 6 0.00020
6 101 0.50000
0 7 0.00020
7 101 0.50000
0 8 0.00020
8 101 0.50000
0 9 0.00020
9 101 0.50000
0 10 0.00020
10 101 0.50000
0 11 0.00020
11 101 0.50000
0 12 0.00020
12 101 0.50000
0 13 0.00020
13 101 0.50000
0 14 0.00020
14 101 0.50000
0 15 0.00020
15 101 0.50000
0 16 0.00020
16 101 0.50000
0 17 0.00020
17 101 0.50000
0 18 0.00020
18 101 0.50000
0 19 0.00020
19 101 0.50000
0 20 0.00020
20 101 0.50000
0 21 0.00020
21 101 0.50000
0 22 0.00020
22 101 0.50000
0 23 0.00020
23 101 0.50000
0 24 0.00020
24 101 0.50000
0 25 0.00020
25 101 0.50000
0 26 0.00020
26 101 0.50000
0 27 0.00020
27 101 0.50000
0 28 0.00020
28 101 0.50000
0 29 0.00020
29 101 0.50000
0 30 0.00020
30 101 0.50000
0 31 0.00020
31 101 0.50000
0 32 0.00020
32 101 0.50000
0 33 0.00020
33 101 0.50000
0 34 0.00020
34 101 0.50000
0 35 0.00020
35 101 0.50000
0 36 0.00020
36 101 0.50000
0 37 0.00020
37 101 0.50000
0 38 0.00020
38 101 0.50000
0 39 0.00020
39 101 0.50000
0 40 0.00020
40 101 0.50000
0 41 0.00020
41 101 0.50000
0 42 0.00020
42 101 0.50000
0 43 0.00020
43 101 0.50000
0 44 0.00020
44 101 0.50000
0 45 0.00020
45 101 0.50000
0 46 0.00020
46 101 0.50000
0 47 0.00020
47 101 0.50000
0 48 0.00020
48 101 0.50000
0 49 0.00020
49 101 0.50000
0 50 0.00020
50 101 0.50000
0 51 0.00020
51 101 0.50000
0 52 0.00020
52 101 0.50000
0 53 0.00020
53 101 0.50000
0 54 0.00020
54 101 0.50000
0 55 0.00020
55 101 0.50000
0 56 0.00020
56 101 0.50000
0 57 0.00020
57 101 0.50000
0 58 0.00020
58 101 0.50000
0 59 0.00020
59 101 0.50000
0 60 0.00020
60 101 0.50000
0 61 0.00020
61 101 0.50000
0 62 0.00020
62 101 0.50000
0 63 0.00020
63 101 0.50000
0 64 0.00020
64 101 0.50000
0 65 0.00020
65 101 0.50000
0 66 0.00020
66 101 0.50000
0 67 0.00020
67 101 0.50000
0 68 0.00020
68 101 0.50000
0 69 0.00020
69 101 0.50000
0 70 0.00020
70 101 0.50000
0 71 0.00020
71 101 0.50000
0 72 0.00020
72 101 0.50000
0 73 0.00020
73 101 0.50000
0 74 0.00020
74 101 0.50000
0 75 0.00020
75 101 0.50000
0 76 0.00020
76 101 0.50000
0 77 0.00020
77 101 0.50000
0 78 0.00020
78 101 0.50000
0 79 0.00020
79 101 0.50000
0 80 0.00020
80 101 0.50000
0 81 0.00020
81 101 0.50000
0 82 0.00020
82 101 0.50000
0 83 0.00020
83 101 0.50000
0 84 0.00020
84 101 0.50000
0 85 0.00020
85 101 0.50000
0 86 0.00020
86 101 0.50000
0 87 0.00020
87 101 0.50000
0 88 0.00020
88 101 0.50000
0 89 0.00020
89 101 0.50000
0 90 0.00020
90 101 0.50000
0 91 0.00020
91 101 0.50000
0 92 0.00020
92 101 0.50000
0 93 0.00020
93 101 0.50000
0 94 0.00020
94 101 0.50000
0 95 0.00020
95 101 0.50000
0 96 0.00020
96 101 0.50000
0 97 0.00020
97 101 0.50000
0 98 0.00020
98 101 0.50000
0 99 0.00020
99 101 0.50000
0 100 0.00020
100 101 0.50000
101 101 0.97087
