1303
1
0 1.0
20
0.07879 0.01516 0.05352 0.06683 0.03971 0.06951 0.02292 0.05901 0.05944 0.09637 0.02377 0.04144 0.04829 0.03956 0.05410 0.06834 0.05407 0.06734 0.01141 0.03041
0.09125 0.01380 0.01596 0.02693 0.03133 0.02120 0.01248 0.12693 0.03013 0.11342 0.06280 0.02069 0.01384 0.02249 0.02341 0.04088 0.04728 0.26068 0.00566 0.01881
0.05870 0.00662 0.05680 0.08203 0.01838 0.03165 0.08502 0.02323 0.10247 0.03780 0.01575 0.05010 0.02003 0.17331 0.07430 0.05878 0.04651 0.03210 0.00519 0.02123
0.06982 0.00724 0.09334 0.09472 0.01328 0.11414 0.02531 0.02301 0.08574 0.03572 0.01582 0.05611 0.02229 0.05920 0.10802 0.06963 0.05323 0.03366 0.00404 0.01566
0.17128 0.00910 0.04710 0.07518 0.01696 0.03410 0.02477 0.03123 0.09392 0.04606 0.01954 0.04752 0.02132 0.08210 0.09240 0.06698 0.05487 0.04302 0.00490 0.01765
0.06720 0.00575 0.09958 0.13019 0.01149 0.03633 0.02700 0.01950 0.11338 0.03197 0.01460 0.06167 0.02266 0.10992 0.05565 0.09235 0.05271 0.02923 0.00370 0.01513
0.03771 0.00902 0.01275 0.01824 0.04161 0.01627 0.00980 0.09160 0.02304 0.47104 0.04199 0.01400 0.01072 0.01636 0.01967 0.02464 0.02823 0.08582 0.00612 0.02139
0.06037 0.01377 0.01489 0.02524 0.02969 0.01941 0.01162 0.19780 0.02792 0.10726 0.03380 0.01928 0.01295 0.02088 0.02161 0.03757 0.10286 0.21993 0.00533 0.01783
0.05218 0.00576 0.03723 0.06972 0.01026 0.02719 0.02783 0.01938 0.20279 0.03374 0.01453 0.04487 0.01883 0.12349 0.16954 0.05305 0.04380 0.02715 0.00429 0.01437
0.06687 0.00781 0.04857 0.07691 0.01370 0.03362 0.02554 0.02412 0.10731 0.03778 0.01639 0.07628 0.02099 0.05942 0.18723 0.09100 0.05142 0.03459 0.00443 0.01603
0.20046 0.01563 0.02662 0.04063 0.02152 0.04288 0.01598 0.05415 0.04256 0.05768 0.02279 0.03344 0.02225 0.03143 0.03152 0.11117 0.06410 0.14327 0.00500 0.01691
0.12478 0.01376 0.01770 0.02929 0.02940 0.02337 0.01290 0.12069 0.03249 0.13123 0.03277 0.02239 0.01465 0.02387 0.02480 0.04454 0.04862 0.22890 0.00545 0.01841
0.09060 0.00597 0.08137 0.18198 0.01189 0.03661 0.02592 0.02052 0.08535 0.03265 0.01452 0.08510 0.02217 0.08560 0.05331 0.06743 0.05033 0.03007 0.00370 0.01491
0.04372 0.00701 0.02647 0.04409 0.01301 0.02743 0.02011 0.02041 0.10162 0.03377 0.01245 0.03104 0.01667 0.04406 0.43807 0.04038 0.03374 0.02702 0.00460 0.01431
0.04355 0.01141 0.00897 0.01551 0.10997 0.01275 0.01045 0.22233 0.01761 0.22673 0.05000 0.01275 0.00998 0.01543 0.01548 0.02472 0.03462 0.12381 0.00734 0.02657
0.04510 0.01108 0.01310 0.02152 0.12458 0.01653 0.02253 0.06890 0.02462 0.23069 0.03670 0.01954 0.01209 0.02134 0.02114 0.03279 0.03600 0.07160 0.01679 0.15336
0.06658 0.00656 0.06130 0.09343 0.01280 0.03379 0.02712 0.02254 0.14714 0.03620 0.01617 0.07810 0.06596 0.08901 0.07021 0.06763 0.05276 0.03257 0.00418 0.01596
0.06951 0.01091 0.04036 0.05613 0.03620 0.18828 0.02157 0.03680 0.05483 0.05249 0.02042 0.03836 0.01961 0.03875 0.03909 0.06039 0.05015 0.04882 0.00805 0.10927
0.07843 0.01466 0.02502 0.03967 0.02856 0.05819 0.01662 0.19805 0.04308 0.08192 0.03008 0.02991 0.01843 0.03116 0.03241 0.05876 0.08424 0.10367 0.00617 0.02096
0.08806 0.00760 0.04825 0.08429 0.01534 0.03197 0.04808 0.02775 0.14812 0.04293 0.01894 0.05121 0.02156 0.06471 0.09486 0.06786 0.07732 0.03869 0.00480 0.01767
0.04323 0.01123 0.00925 0.01594 0.15146 0.01304 0.01145 0.17725 0.01815 0.23089 0.05049 0.01324 0.01018 0.01602 0.01600 0.02535 0.03443 0.11305 0.00818 0.03118
0.06436 0.00535 0.13514 0.13868 0.01072 0.03726 0.02629 0.01799 0.08447 0.02963 0.01343 0.11214 0.02249 0.06260 0.07593 0.06852 0.05007 0.02716 0.00343 0.01434
0.07460 0.01049 0.04219 0.07368 0.02350 0.06733 0.02533 0.06127 0.08416 0.08193 0.02589 0.04605 0.02116 0.07473 0.07641 0.06690 0.05918 0.05715 0.00612 0.02192
0.06698 0.00612 0.10598 0.10603 0.01208 0.03689 0.02614 0.02077 0.10830 0.03300 0.01481 0.13239 0.02249 0.06183 0.05211 0.06944 0.07510 0.03065 0.00373 0.01515
0.08997 0.00607 0.07742 0.17543 0.01202 0.03605 0.02620 0.02091 0.11268 0.03329 0.01484 0.08648 0.02213 0.06193 0.05662 0.06762 0.05091 0.03057 0.00378 0.01509
0.11493 0.01285 0.03872 0.06243 0.02153 0.11903 0.02134 0.04102 0.06366 0.05565 0.04866 0.04258 0.04819 0.04557 0.04342 0.07606 0.06318 0.05655 0.00544 0.01916
0.09278 0.01112 0.04183 0.07294 0.02530 0.03132 0.02508 0.06640 0.09522 0.06550 0.02752 0.04562 0.02125 0.07191 0.05258 0.06746 0.07856 0.06135 0.00643 0.03982
0.07869 0.03036 0.05770 0.06542 0.02878 0.03174 0.02356 0.05341 0.06692 0.07130 0.02947 0.04230 0.02094 0.04852 0.04540 0.06658 0.10160 0.06845 0.00696 0.06192
0.07222 0.01291 0.03195 0.09714 0.06202 0.02776 0.02330 0.08156 0.05791 0.08463 0.03269 0.03689 0.01901 0.04257 0.04082 0.05851 0.05728 0.07550 0.00906 0.07627
0.04473 0.01099 0.01353 0.02186 0.13945 0.01693 0.02504 0.09609 0.02488 0.10305 0.03153 0.02048 0.01219 0.02168 0.02134 0.03354 0.03560 0.06914 0.01896 0.23896
0.03318 0.00782 0.01834 0.02353 0.09991 0.01912 0.02539 0.03336 0.02722 0.05924 0.01718 0.02110 0.01193 0.02057 0.02317 0.02926 0.02489 0.03778 0.01923 0.44777
0.04779 0.00580 0.03206 0.06161 0.01006 0.02592 0.02707 0.01925 0.28154 0.03348 0.01398 0.04118 0.01784 0.06420 0.18520 0.04794 0.04034 0.02644 0.00434 0.01396
0.02838 0.00803 0.01057 0.01472 0.27959 0.01317 0.03127 0.03852 0.01707 0.07422 0.02108 0.01790 0.00962 0.01714 0.01616 0.02484 0.02269 0.04157 0.02689 0.28658
0.09342 0.01368 0.03678 0.04395 0.01522 0.04880 0.01454 0.02417 0.04053 0.03223 0.01287 0.03574 0.02310 0.02882 0.03057 0.39098 0.05733 0.03939 0.00389 0.01399
0.06313 0.00530 0.11477 0.19373 0.01065 0.03758 0.02586 0.01794 0.10667 0.02930 0.01316 0.06388 0.02235 0.06122 0.04872 0.09241 0.04891 0.02695 0.00337 0.01409
0.06483 0.00713 0.06398 0.09171 0.01598 0.03450 0.08412 0.02535 0.13512 0.03989 0.01713 0.08253 0.02182 0.06365 0.07705 0.06489 0.05137 0.03536 0.00486 0.01872
0.04252 0.01097 0.00923 0.01621 0.04347 0.01229 0.00893 0.18982 0.01868 0.24352 0.14554 0.01245 0.00978 0.01576 0.01596 0.02390 0.03387 0.12361 0.00586 0.01763
0.05035 0.00630 0.03541 0.06292 0.01197 0.02719 0.02628 0.02122 0.13910 0.03613 0.01477 0.04170 0.01816 0.09481 0.27413 0.04963 0.04148 0.02881 0.00452 0.01515
0.05757 0.00588 0.04852 0.13091 0.01087 0.02995 0.02764 0.01995 0.18151 0.03381 0.01484 0.04980 0.02007 0.06619 0.14896 0.05898 0.04715 0.02849 0.00416 0.01478
0.07333 0.01196 0.06258 0.06107 0.02567 0.03025 0.02071 0.13781 0.05947 0.07241 0.02771 0.03937 0.01936 0.04315 0.04038 0.06058 0.10150 0.08578 0.00592 0.02101
0.05437 0.00614 0.04110 0.07176 0.01114 0.02845 0.02723 0.02066 0.16569 0.03479 0.01494 0.07420 0.01917 0.06462 0.21831 0.05464 0.04479 0.02890 0.00433 0.01478
0.07359 0.00707 0.07573 0.11556 0.01439 0.03424 0.02807 0.02518 0.09952 0.03972 0.03435 0.05673 0.02286 0.08490 0.09714 0.07418 0.05846 0.03639 0.00447 0.01745
0.06016 0.00717 0.04872 0.07378 0.01249 0.03233 0.02460 0.02265 0.27337 0.03561 0.01497 0.04651 0.05357 0.05704 0.08078 0.05863 0.04656 0.03197 0.00424 0.01485
0.05745 0.00617 0.04136 0.07554 0.01168 0.02870 0.07886 0.02134 0.15931 0.03588 0.01567 0.04741 0.01976 0.09212 0.15332 0.05804 0.04750 0.03002 0.00442 0.01545
0.07774 0.00912 0.10479 0.08791 0.01294 0.17188 0.02162 0.02306 0.06321 0.03350 0.01456 0.05411 0.02301 0.04879 0.03944 0.07367 0.08782 0.03524 0.00363 0.01397
0.08755 0.01310 0.03789 0.06038 0.02235 0.03842 0.02094 0.04479 0.06159 0.05747 0.02399 0.06856 0.02226 0.04410 0.04243 0.10098 0.11280 0.11527 0.00557 0.01955
0.07669 0.00993 0.04490 0.07523 0.01887 0.03438 0.02471 0.03657 0.15019 0.05062 0.02161 0.04741 0.02181 0.05591 0.05944 0.09265 0.08263 0.07247 0.00520 0.01880
0.06539 0.00857 0.05930 0.10792 0.02759 0.03247 0.02531 0.03430 0.07594 0.04993 0.02057 0.07536 0.02043 0.05266 0.05089 0.06184 0.05116 0.04531 0.00662 0.12846
0.04777 0.00580 0.03203 0.06159 0.01006 0.02591 0.02708 0.01924 0.28088 0.03347 0.01398 0.04117 0.01784 0.06422 0.18596 0.04792 0.04034 0.02643 0.00434 0.01396
0.06159 0.00743 0.03996 0.07151 0.01388 0.02987 0.02661 0.02623 0.14916 0.04091 0.01749 0.04568 0.01995 0.06228 0.17150 0.05952 0.09938 0.03606 0.00470 0.01627
0.06120 0.00494 0.17372 0.14233 0.00994 0.03773 0.02575 0.01657 0.11047 0.02756 0.01238 0.06478 0.02223 0.08629 0.04862 0.06614 0.04742 0.02515 0.00321 0.01358
0.13392 0.01023 0.10954 0.08117 0.01812 0.03824 0.02300 0.04085 0.06993 0.04933 0.02029 0.05041 0.02252 0.05151 0.04480 0.07274 0.05840 0.08277 0.00469 0.01755
0.06367 0.00570 0.12749 0.20294 0.01133 0.03940 0.02547 0.01977 0.07624 0.03067 0.01341 0.06545 0.02272 0.05936 0.04514 0.06731 0.07720 0.02906 0.00341 0.01425
0.07445 0.00888 0.07699 0.12886 0.04143 0.03393 0.02692 0.03559 0.08367 0.05196 0.02226 0.05351 0.02233 0.06022 0.05301 0.07110 0.05879 0.04791 0.00587 0.04232
0.06950 0.01457 0.02260 0.03930 0.06641 0.02441 0.01920 0.13837 0.04312 0.13635 0.03927 0.05264 0.01690 0.03255 0.03271 0.05006 0.05484 0.10573 0.00883 0.03265
0.06337 0.00683 0.07976 0.25854 0.01248 0.03750 0.02313 0.02434 0.07430 0.03427 0.01413 0.05644 0.02134 0.05289 0.04801 0.06342 0.07725 0.03424 0.00361 0.01417
0.06805 0.00844 0.04297 0.07682 0.04117 0.03046 0.04942 0.03294 0.12513 0.04942 0.02115 0.04768 0.02080 0.06121 0.13394 0.06457 0.05479 0.04421 0.00565 0.02117
0.06883 0.00673 0.06510 0.13979 0.01331 0.03481 0.02693 0.02340 0.09621 0.03692 0.01654 0.09953 0.02225 0.06395 0.08393 0.06979 0.07776 0.03382 0.00418 0.01624
0.07666 0.01106 0.04092 0.07020 0.02347 0.05305 0.02438 0.08574 0.07980 0.06134 0.02568 0.04474 0.04213 0.05304 0.09463 0.06767 0.05955 0.05836 0.00606 0.02153
0.06820 0.00613 0.11611 0.10428 0.01237 0.03589 0.04945 0.02101 0.13748 0.03390 0.01538 0.06018 0.02259 0.06447 0.05718 0.09118 0.05353 0.03105 0.00390 0.01575
0.09330 0.01247 0.03581 0.06320 0.02939 0.02966 0.02355 0.07587 0.08797 0.09500 0.05103 0.04085 0.02028 0.06620 0.04818 0.06334 0.06023 0.07208 0.00706 0.02454
0.06952 0.00773 0.05053 0.08296 0.01424 0.07834 0.02646 0.02566 0.12815 0.03996 0.01761 0.05094 0.02161 0.06222 0.12055 0.09155 0.05432 0.03654 0.00452 0.01659
0.09313 0.00909 0.04620 0.08038 0.01906 0.05166 0.02635 0.05388 0.13291 0.05122 0.02214 0.04934 0.02168 0.06037 0.08270 0.06909 0.05821 0.04764 0.00537 0.01957
0.06576 0.00762 0.05290 0.12951 0.01617 0.03176 0.02629 0.03053 0.14732 0.08936 0.01915 0.05067 0.02091 0.06097 0.07098 0.06398 0.05253 0.04113 0.00480 0.01767
0.07242 0.00799 0.04938 0.08672 0.01666 0.03250 0.02749 0.03006 0.11901 0.04565 0.03875 0.06985 0.02204 0.08433 0.08524 0.07055 0.07615 0.04165 0.00498 0.01856
0.03716 0.00948 0.00957 0.01573 0.09495 0.01221 0.01138 0.10170 0.01821 0.39793 0.05237 0.01269 0.00955 0.01583 0.01585 0.02287 0.02942 0.09060 0.00851 0.03400
0.02918 0.00795 0.01163 0.01633 0.18979 0.01371 0.03107 0.03815 0.01881 0.07253 0.02065 0.01865 0.00988 0.01805 0.01720 0.02579 0.02320 0.04144 0.02632 0.36966
0.07632 0.00872 0.11124 0.09150 0.01189 0.18061 0.02133 0.02026 0.06070 0.03034 0.01325 0.05584 0.02307 0.04812 0.03724 0.10825 0.05280 0.03194 0.00337 0.01322
0.03925 0.01026 0.00872 0.01474 0.04238 0.01135 0.00803 0.19707 0.01757 0.34448 0.05023 0.01130 0.00898 0.01429 0.01499 0.02127 0.03091 0.13144 0.00546 0.01727
0.06743 0.00829 0.05846 0.07851 0.01506 0.03636 0.02277 0.02527 0.08085 0.03886 0.01594 0.04882 0.15946 0.11732 0.05667 0.06413 0.04970 0.03568 0.00433 0.01609
0.05537 0.01219 0.01393 0.01942 0.02650 0.02161 0.00887 0.12874 0.02213 0.10030 0.02787 0.01635 0.01240 0.01556 0.01809 0.03524 0.03865 0.40698 0.00437 0.01544
0.08132 0.01257 0.01312 0.02240 0.03630 0.01658 0.01102 0.18879 0.02556 0.24014 0.04199 0.01700 0.01181 0.01957 0.02048 0.03224 0.04109 0.14356 0.00578 0.01869
0.07056 0.00742 0.07163 0.08920 0.01508 0.03301 0.02741 0.02720 0.12258 0.04183 0.01856 0.05338 0.02200 0.06489 0.12964 0.06986 0.05618 0.05737 0.00465 0.01755
0.05340 0.00434 0.15129 0.29529 0.00880 0.03951 0.02319 0.01448 0.06357 0.02330 0.00988 0.06665 0.02141 0.05327 0.03599 0.05920 0.04008 0.02181 0.00271 0.01185
0.13287 0.01424 0.03033 0.05135 0.02767 0.03438 0.01998 0.06101 0.05451 0.07372 0.05432 0.03643 0.02077 0.03973 0.03872 0.11843 0.06197 0.10101 0.00645 0.02213
0.07895 0.00974 0.05952 0.10787 0.01536 0.03985 0.02264 0.02833 0.07201 0.04033 0.01739 0.05085 0.02267 0.05104 0.04738 0.18696 0.08782 0.04116 0.00426 0.01587
0.02959 0.00778 0.01413 0.01844 0.06181 0.02120 0.01763 0.02875 0.02439 0.05366 0.01533 0.01624 0.01251 0.01665 0.02187 0.02416 0.02179 0.03198 0.50007 0.06202
0.07200 0.00835 0.05395 0.14618 0.01761 0.03309 0.02632 0.05359 0.10950 0.04799 0.02069 0.05216 0.02182 0.06091 0.06017 0.06919 0.07701 0.04585 0.00498 0.01863
0.06740 0.00598 0.12314 0.15495 0.01243 0.03650 0.02668 0.02090 0.08612 0.03349 0.01512 0.06167 0.02263 0.08647 0.05212 0.07030 0.05273 0.03079 0.00382 0.03676
0.04241 0.01127 0.00846 0.01456 0.03790 0.01149 0.00772 0.21465 0.01651 0.27836 0.04621 0.01131 0.00903 0.01366 0.01395 0.02191 0.03337 0.18657 0.00505 0.01562
0.05765 0.01297 0.01592 0.02713 0.13625 0.01992 0.01579 0.09412 0.03057 0.20547 0.04365 0.02115 0.01391 0.02414 0.02467 0.03940 0.07403 0.09984 0.00894 0.03450
0.06887 0.00628 0.11843 0.12821 0.01299 0.03640 0.02673 0.02214 0.08585 0.03504 0.01581 0.08464 0.02273 0.06341 0.05184 0.09344 0.05388 0.03238 0.00394 0.03699
0.07954 0.01441 0.02980 0.05031 0.03153 0.05413 0.02017 0.10697 0.05514 0.11468 0.03321 0.03511 0.01968 0.03934 0.03993 0.06174 0.08534 0.09796 0.00699 0.02404
0.06679 0.00580 0.10835 0.15622 0.01165 0.05991 0.02643 0.01979 0.08429 0.03194 0.01447 0.06255 0.02267 0.08478 0.05052 0.07009 0.07561 0.02950 0.00363 0.01500
0.07108 0.00769 0.06359 0.15659 0.01664 0.03464 0.02639 0.02895 0.08696 0.04330 0.01897 0.07556 0.02221 0.06115 0.05531 0.07002 0.07518 0.04024 0.00472 0.04082
0.07725 0.01159 0.04079 0.08855 0.04312 0.03115 0.02485 0.04977 0.07424 0.06862 0.02871 0.04482 0.03785 0.05289 0.06821 0.06731 0.06128 0.08055 0.00674 0.04171
0.06902 0.00639 0.09715 0.10364 0.01310 0.03605 0.04782 0.02217 0.08887 0.03523 0.01589 0.05989 0.02262 0.10523 0.05496 0.11530 0.05401 0.03245 0.00401 0.01618
0.07237 0.00722 0.08746 0.13897 0.01506 0.03534 0.02698 0.02635 0.08827 0.04041 0.01809 0.05794 0.02275 0.06367 0.05441 0.09080 0.07561 0.03753 0.00443 0.03635
0.09387 0.00997 0.08500 0.08152 0.02216 0.03306 0.02563 0.05892 0.07990 0.05707 0.02437 0.04965 0.02193 0.05721 0.05145 0.08992 0.06024 0.05421 0.00578 0.03815
0.12519 0.01171 0.04193 0.08976 0.02233 0.03479 0.02238 0.04910 0.06813 0.05976 0.02459 0.04372 0.02146 0.04837 0.04581 0.06978 0.10615 0.08955 0.00559 0.01991
0.03753 0.00965 0.00951 0.01562 0.13387 0.01243 0.01260 0.09795 0.01804 0.35585 0.05110 0.01306 0.00969 0.01598 0.01589 0.02345 0.02979 0.08784 0.00961 0.04053
0.06426 0.00537 0.10598 0.15672 0.01067 0.03650 0.02664 0.01803 0.13795 0.02996 0.01361 0.06232 0.02236 0.09008 0.05579 0.06829 0.05033 0.02719 0.00351 0.01443
0.04442 0.01199 0.00833 0.01414 0.03242 0.01147 0.00722 0.26113 0.01584 0.18120 0.03946 0.01113 0.00881 0.01263 0.01314 0.02169 0.03465 0.25140 0.00449 0.01445
0.04229 0.01052 0.01298 0.02086 0.13855 0.01614 0.02488 0.06132 0.02390 0.18495 0.03254 0.01975 0.01176 0.02103 0.02067 0.03190 0.03377 0.06502 0.01916 0.20802
0.06354 0.01351 0.02103 0.05973 0.03250 0.02141 0.01566 0.13843 0.04000 0.13351 0.03577 0.02549 0.01496 0.02927 0.02969 0.04371 0.05001 0.20385 0.00639 0.02156
0.06647 0.00576 0.10104 0.13026 0.01146 0.03622 0.02686 0.01949 0.09084 0.03191 0.01451 0.10769 0.02252 0.06423 0.10099 0.06974 0.05211 0.02913 0.00370 0.01506
0.10439 0.01494 0.03532 0.04656 0.01458 0.05109 0.01563 0.02765 0.04524 0.03589 0.01515 0.03813 0.02455 0.03251 0.03318 0.29568 0.10781 0.04499 0.00375 0.01297
0.10014 0.01505 0.02089 0.03547 0.03113 0.02679 0.01596 0.15086 0.03854 0.09105 0.03315 0.02680 0.01694 0.02887 0.02918 0.07809 0.05555 0.17697 0.00654 0.02203
0.04533 0.01110 0.01071 0.01772 0.03890 0.01416 0.00908 0.13222 0.02095 0.30858 0.04493 0.01371 0.01021 0.01616 0.01730 0.02642 0.03482 0.20443 0.00543 0.01781
0.07050 0.00622 0.10948 0.10347 0.01231 0.03559 0.02765 0.02106 0.11492 0.03432 0.01578 0.07926 0.04154 0.06664 0.08137 0.07296 0.05557 0.03142 0.00396 0.01596
0.07438 0.01168 0.03708 0.06585 0.02802 0.03001 0.02460 0.05037 0.07812 0.10620 0.02886 0.04237 0.02048 0.07194 0.07408 0.08309 0.05924 0.06426 0.02454 0.02486
0.06861 0.00664 0.06785 0.14428 0.01302 0.03533 0.02672 0.02268 0.09394 0.03596 0.01612 0.08019 0.02231 0.06340 0.08251 0.11364 0.05372 0.03301 0.00408 0.01598
0.06064 0.00493 0.14797 0.16790 0.00989 0.03772 0.02560 0.01655 0.13902 0.02742 0.01226 0.06460 0.02213 0.06053 0.04864 0.06553 0.04692 0.02506 0.00319 0.01349
0.03771 0.00902 0.01275 0.01824 0.04161 0.01627 0.00980 0.09160 0.02304 0.47104 0.04199 0.01400 0.01072 0.01636 0.01967 0.02464 0.02823 0.08582 0.00612 0.02139
0.06733 0.00627 0.14854 0.12875 0.01296 0.03658 0.02619 0.04519 0.08282 0.03500 0.01560 0.08619 0.02249 0.06172 0.05000 0.06952 0.05247 0.03276 0.00388 0.01575
0.05503 0.00967 0.02963 0.03425 0.01280 0.03616 0.01177 0.01959 0.03204 0.02880 0.01003 0.02549 0.52246 0.02179 0.02539 0.04638 0.03508 0.02828 0.00403 0.01132
0.04745 0.00564 0.07908 0.41435 0.01069 0.03523 0.01939 0.01806 0.05857 0.02694 0.01021 0.04987 0.01914 0.04255 0.03851 0.04880 0.03496 0.02505 0.00338 0.01212
0.04745 0.00564 0.07908 0.41435 0.01069 0.03523 0.01939 0.01806 0.05857 0.02694 0.01021 0.04987 0.01914 0.04255 0.03851 0.04880 0.03496 0.02505 0.00338 0.01212
0.04745 0.00564 0.07908 0.41435 0.01069 0.03523 0.01939 0.01806 0.05857 0.02694 0.01021 0.04987 0.01914 0.04255 0.03851 0.04880 0.03496 0.02505 0.00338 0.01212
0.03344 0.00849 0.01244 0.01620 0.42731 0.01723 0.01967 0.05451 0.01782 0.10487 0.02667 0.01589 0.01091 0.01552 0.01624 0.02568 0.02473 0.05459 0.01581 0.08196
0.03771 0.00902 0.01275 0.01824 0.04161 0.01627 0.00980 0.09160 0.02304 0.47104 0.04199 0.01400 0.01072 0.01636 0.01967 0.02464 0.02823 0.08582 0.00612 0.02139
0.05035 0.00630 0.03541 0.06292 0.01197 0.02719 0.02628 0.02122 0.13910 0.03613 0.01477 0.04170 0.01816 0.09481 0.27413 0.04963 0.04148 0.02881 0.00452 0.01515
0.05987 0.00811 0.06251 0.06930 0.01507 0.03845 0.01809 0.01966 0.05364 0.02832 0.01089 0.37525 0.01992 0.03741 0.03751 0.05618 0.04070 0.02899 0.00413 0.01599
0.03318 0.00782 0.01834 0.02353 0.09991 0.01912 0.02539 0.03336 0.02722 0.05924 0.01718 0.02110 0.01193 0.02057 0.02317 0.02926 0.02489 0.03778 0.01923 0.44777
0.08408 0.00675 0.03977 0.07167 0.01226 0.02917 0.02705 0.02316 0.21413 0.03752 0.01612 0.04577 0.01963 0.06399 0.15180 0.05759 0.04747 0.03221 0.00448 0.01539
0.04672 0.01229 0.00892 0.01461 0.02875 0.01259 0.00705 0.24071 0.01641 0.12685 0.03458 0.01165 0.00904 0.01247 0.01334 0.02322 0.03564 0.32736 0.00408 0.01372
0.07258 0.00840 0.05947 0.09022 0.01946 0.03466 0.02671 0.03148 0.08888 0.04687 0.02028 0.09840 0.02229 0.08432 0.05824 0.09053 0.05687 0.04323 0.00531 0.04179
0.06573 0.00575 0.13233 0.13309 0.01145 0.08889 0.02616 0.01945 0.08373 0.03140 0.01415 0.06239 0.02251 0.06204 0.07354 0.06904 0.05102 0.02899 0.00358 0.01475
0.06896 0.00655 0.06688 0.14202 0.01312 0.05533 0.02715 0.02293 0.11626 0.03644 0.01642 0.05793 0.02240 0.08601 0.06150 0.07041 0.07607 0.03329 0.00413 0.01621
0.07625 0.01235 0.03730 0.08259 0.03106 0.03011 0.04377 0.05439 0.06910 0.07435 0.04741 0.04187 0.02052 0.04922 0.04739 0.06438 0.06053 0.08630 0.00743 0.06368
0.10402 0.01173 0.04051 0.06698 0.02397 0.03420 0.08910 0.04606 0.07163 0.06139 0.02538 0.04355 0.02143 0.04942 0.04910 0.06925 0.08114 0.08355 0.00601 0.02156
0.07395 0.00774 0.05991 0.11234 0.01490 0.05788 0.02656 0.02631 0.09126 0.04044 0.01808 0.05536 0.06255 0.06260 0.07966 0.09368 0.05738 0.03781 0.00445 0.01713
0.09739 0.01541 0.02316 0.04049 0.05875 0.02689 0.01903 0.08392 0.04392 0.14672 0.03811 0.02971 0.01801 0.03341 0.03330 0.07645 0.05862 0.12085 0.00814 0.02773
0.07439 0.00983 0.04567 0.09558 0.05870 0.03186 0.02596 0.04024 0.10448 0.05733 0.02445 0.04834 0.02152 0.05811 0.07621 0.06833 0.07882 0.05315 0.00584 0.02121
0.06205 0.00500 0.14482 0.16646 0.01003 0.03763 0.02595 0.01671 0.10693 0.02786 0.01257 0.06460 0.02233 0.09028 0.04932 0.06691 0.04816 0.02543 0.00325 0.01373
0.03344 0.00849 0.01244 0.01620 0.42731 0.01723 0.01967 0.05451 0.01782 0.10487 0.02667 0.01589 0.01091 0.01552 0.01624 0.02568 0.02473 0.05459 0.01581 0.08196
0.04673 0.01229 0.00893 0.01462 0.02875 0.01259 0.00705 0.24032 0.01642 0.12683 0.03457 0.01166 0.00904 0.01247 0.01335 0.02324 0.03565 0.32770 0.00408 0.01372
0.06973 0.01019 0.04150 0.15149 0.02468 0.02916 0.02281 0.07878 0.07264 0.07595 0.04897 0.04273 0.01961 0.05005 0.04888 0.06116 0.05504 0.07022 0.00575 0.02065
0.07623 0.01103 0.04230 0.06953 0.02384 0.03301 0.02378 0.04420 0.07638 0.06253 0.06787 0.04446 0.02113 0.07512 0.05273 0.13221 0.05857 0.05748 0.00600 0.02159
0.04372 0.00701 0.02647 0.04409 0.01301 0.02743 0.02011 0.02041 0.10162 0.03377 0.01245 0.03104 0.01667 0.04406 0.43807 0.04038 0.03374 0.02702 0.00460 0.01431
0.41952 0.01429 0.02803 0.03433 0.01558 0.04642 0.01252 0.03674 0.03368 0.04157 0.01498 0.03040 0.02194 0.02418 0.02643 0.07440 0.05596 0.05289 0.00378 0.01239
0.05478 0.00581 0.04351 0.10500 0.01053 0.02866 0.02767 0.01966 0.21464 0.03369 0.01464 0.04747 0.01945 0.06622 0.16042 0.05595 0.04537 0.02781 0.00421 0.01452
0.08856 0.00501 0.15780 0.14773 0.01003 0.03874 0.02501 0.01674 0.07375 0.02725 0.01210 0.11987 0.02225 0.05869 0.04259 0.06563 0.04651 0.02531 0.00311 0.01333
0.05853 0.00604 0.06865 0.24359 0.01183 0.03386 0.02512 0.02072 0.09637 0.03304 0.01406 0.05412 0.02065 0.05856 0.10111 0.05999 0.04583 0.02943 0.00388 0.01463
0.08026 0.06317 0.02526 0.04326 0.03430 0.03068 0.01952 0.07129 0.04874 0.08877 0.10197 0.05765 0.01935 0.03547 0.03681 0.06079 0.06050 0.08824 0.00768 0.02626
0.10394 0.00860 0.05600 0.07634 0.01528 0.03642 0.02274 0.02788 0.08332 0.04136 0.01654 0.04812 0.02107 0.20840 0.05932 0.06504 0.05064 0.03870 0.00430 0.01600
0.06677 0.01397 0.02131 0.03568 0.03150 0.02339 0.01558 0.18492 0.03933 0.09595 0.03326 0.05332 0.01551 0.02857 0.02955 0.04632 0.05129 0.18538 0.00637 0.02201
0.04572 0.01139 0.01291 0.02096 0.16800 0.01695 0.02450 0.10319 0.02394 0.10728 0.03293 0.02000 0.01224 0.02116 0.02091 0.03357 0.03643 0.07156 0.01862 0.19773
0.06644 0.01132 0.03021 0.04469 0.03209 0.27586 0.01901 0.03586 0.04918 0.05176 0.01997 0.03219 0.01895 0.03359 0.03673 0.05575 0.04745 0.04741 0.06122 0.03032
0.05931 0.00574 0.25442 0.10274 0.01138 0.03725 0.02375 0.01856 0.07451 0.02927 0.01251 0.05913 0.02136 0.05471 0.08378 0.06193 0.04495 0.02719 0.00348 0.01403
0.07036 0.01519 0.02059 0.03663 0.04079 0.02402 0.04150 0.13112 0.04081 0.14269 0.06279 0.02707 0.01681 0.03121 0.03174 0.04946 0.05581 0.12511 0.00835 0.02794
0.17473 0.01443 0.03540 0.05138 0.01631 0.04761 0.01739 0.03248 0.05094 0.04224 0.01786 0.03951 0.12847 0.03687 0.03603 0.08532 0.10480 0.04961 0.00419 0.01442
0.06685 0.01415 0.02114 0.03678 0.03517 0.02293 0.01670 0.14854 0.04080 0.15591 0.03707 0.05178 0.01582 0.03016 0.03079 0.04670 0.05246 0.14498 0.00710 0.02417
0.05163 0.00588 0.04592 0.07265 0.01094 0.02883 0.02644 0.01987 0.28500 0.03367 0.01407 0.04608 0.01884 0.09613 0.10333 0.05228 0.04227 0.02755 0.00420 0.01443
0.11372 0.01009 0.04350 0.07477 0.02178 0.03242 0.06616 0.03970 0.08669 0.05633 0.02385 0.04683 0.02139 0.05632 0.08148 0.06804 0.05857 0.07147 0.00580 0.02108
0.04312 0.00999 0.01489 0.02379 0.08293 0.01828 0.02216 0.05881 0.03235 0.15336 0.03090 0.02066 0.01251 0.02321 0.02728 0.03318 0.03367 0.06183 0.21921 0.07785
0.10165 0.09498 0.01537 0.02627 0.03245 0.02492 0.01363 0.14427 0.02937 0.09959 0.03476 0.02192 0.01559 0.02279 0.02371 0.04772 0.05350 0.16958 0.00647 0.02146
0.23774 0.05490 0.02279 0.03444 0.01828 0.05148 0.01446 0.03644 0.03691 0.04553 0.01919 0.03295 0.02478 0.02806 0.02830 0.16855 0.07006 0.05611 0.00445 0.01459
0.04482 0.01127 0.01032 0.01770 0.15046 0.01411 0.01231 0.10847 0.02009 0.25955 0.04989 0.01450 0.01074 0.01737 0.01733 0.02749 0.03550 0.13655 0.00852 0.03299
0.03925 0.01026 0.00872 0.01474 0.04238 0.01135 0.00803 0.19707 0.01757 0.34448 0.05023 0.01130 0.00898 0.01429 0.01499 0.02127 0.03091 0.13144 0.00546 0.01727
0.07434 0.01332 0.03110 0.05481 0.03182 0.02840 0.02217 0.12735 0.06404 0.08431 0.05216 0.05533 0.01933 0.04376 0.06575 0.05933 0.05884 0.08086 0.00742 0.02555
0.05625 0.00525 0.08993 0.26620 0.01074 0.03653 0.02435 0.01813 0.08151 0.02926 0.01232 0.06036 0.02101 0.08891 0.05311 0.05975 0.04325 0.02616 0.00337 0.01361
0.05324 0.01272 0.01347 0.02351 0.04974 0.01720 0.01423 0.16084 0.02728 0.25248 0.04659 0.01846 0.01266 0.02175 0.02259 0.03430 0.04231 0.10935 0.00845 0.05885
0.14234 0.00986 0.09642 0.08335 0.01397 0.04249 0.02193 0.02510 0.06579 0.03621 0.01586 0.05226 0.02336 0.04968 0.04154 0.16532 0.05767 0.03817 0.00389 0.01477
0.07361 0.00861 0.05195 0.12371 0.01809 0.03332 0.02648 0.05100 0.09157 0.04848 0.02108 0.05181 0.02203 0.06115 0.07889 0.11069 0.05807 0.04527 0.00511 0.01907
0.06647 0.00677 0.07187 0.17138 0.01346 0.03559 0.02576 0.02408 0.08804 0.03695 0.01613 0.05729 0.02190 0.08420 0.05710 0.06716 0.10174 0.03423 0.00406 0.01582
0.07253 0.01227 0.03404 0.09922 0.02823 0.02789 0.02143 0.09249 0.06212 0.09940 0.03077 0.03799 0.01899 0.04437 0.04261 0.05903 0.07634 0.11124 0.00647 0.02259
0.06556 0.00724 0.05485 0.08351 0.01317 0.03352 0.02596 0.02404 0.20564 0.03728 0.01623 0.07769 0.02112 0.06085 0.07531 0.06462 0.07919 0.03424 0.00428 0.01571
0.06117 0.01154 0.02666 0.04495 0.08937 0.02426 0.13115 0.08486 0.05000 0.08693 0.03043 0.03195 0.01663 0.03645 0.03671 0.04987 0.04834 0.06805 0.01243 0.05826
0.07531 0.00949 0.04745 0.09890 0.02081 0.03235 0.02630 0.05503 0.10429 0.05518 0.02373 0.04986 0.02187 0.07854 0.05764 0.07015 0.07760 0.06922 0.00563 0.02066
0.09456 0.01328 0.04298 0.05405 0.01458 0.04821 0.01674 0.02495 0.04943 0.03448 0.01447 0.04056 0.23515 0.03511 0.03556 0.12810 0.06000 0.04031 0.00384 0.01366
0.03771 0.00902 0.01275 0.01824 0.04161 0.01627 0.00980 0.09160 0.02304 0.47104 0.04199 0.01400 0.01072 0.01636 0.01967 0.02464 0.02823 0.08582 0.00612 0.02139
0.06057 0.01038 0.03021 0.03293 0.01055 0.55973 0.01082 0.01532 0.02707 0.02195 0.00826 0.02563 0.01902 0.01974 0.02165 0.05084 0.03712 0.02507 0.00363 0.00949
0.04251 0.01070 0.00985 0.01722 0.04357 0.01269 0.00912 0.12215 0.01988 0.33987 0.08241 0.01300 0.00996 0.01648 0.01670 0.02465 0.03370 0.15213 0.00583 0.01757
0.07087 0.00826 0.04885 0.08324 0.01729 0.03226 0.02680 0.03146 0.12146 0.04716 0.03964 0.05065 0.02159 0.12125 0.06862 0.08751 0.05641 0.04297 0.00507 0.01866
0.06033 0.01339 0.01543 0.02567 0.03003 0.02022 0.01169 0.13390 0.02924 0.14084 0.03395 0.01968 0.01317 0.02131 0.02271 0.03855 0.07376 0.27307 0.00528 0.01779
0.08581 0.01309 0.01627 0.02798 0.03719 0.02001 0.01335 0.13927 0.03186 0.14525 0.15241 0.02092 0.01377 0.02404 0.02502 0.03941 0.04578 0.12140 0.00641 0.02075
0.11844 0.00889 0.04862 0.08031 0.01645 0.03461 0.02563 0.02995 0.11686 0.04464 0.01949 0.04983 0.02200 0.05926 0.08674 0.11650 0.05724 0.04203 0.00483 0.01768
0.06893 0.00597 0.11454 0.12683 0.01192 0.03610 0.02729 0.02028 0.09207 0.03310 0.01517 0.06105 0.02282 0.08688 0.07833 0.09487 0.05416 0.03033 0.00382 0.01555
0.03344 0.00849 0.01244 0.01620 0.42731 0.01723 0.01967 0.05451 0.01782 0.10487 0.02667 0.01589 0.01091 0.01552 0.01624 0.02568 0.02473 0.05459 0.01581 0.08196
0.04672 0.01229 0.00892 0.01461 0.02875 0.01259 0.00705 0.24071 0.01641 0.12685 0.03458 0.01165 0.00904 0.01247 0.01334 0.02322 0.03564 0.32736 0.00408 0.01372
0.06988 0.00607 0.09253 0.10547 0.01212 0.05548 0.04732 0.02062 0.11568 0.03366 0.01548 0.07971 0.02291 0.08713 0.05771 0.07270 0.05503 0.03083 0.00389 0.01579
0.04714 0.00604 0.03089 0.05872 0.01061 0.02584 0.02648 0.02013 0.18194 0.03438 0.01414 0.03982 0.01758 0.06225 0.29199 0.04660 0.03955 0.02732 0.00442 0.01415
0.02898 0.00814 0.01064 0.01488 0.31849 0.01329 0.03083 0.03988 0.01725 0.07682 0.02176 0.01789 0.00970 0.01720 0.01629 0.02507 0.02314 0.04282 0.02644 0.24050
0.06576 0.00798 0.12283 0.08531 0.01095 0.28356 0.01902 0.01789 0.05117 0.02645 0.01107 0.05170 0.02155 0.04162 0.03171 0.06331 0.04494 0.02793 0.00325 0.01201
0.06690 0.00713 0.08052 0.19456 0.01240 0.03898 0.02338 0.02163 0.07328 0.03244 0.01393 0.05752 0.02200 0.05349 0.04652 0.15629 0.04923 0.03182 0.00362 0.01437
0.05503 0.00967 0.02963 0.03425 0.01280 0.03616 0.01177 0.01959 0.03204 0.02880 0.01003 0.02549 0.52246 0.02179 0.02539 0.04638 0.03508 0.02828 0.00403 0.01132
0.03344 0.00849 0.01244 0.01620 0.42731 0.01723 0.01967 0.05451 0.01782 0.10487 0.02667 0.01589 0.01091 0.01552 0.01624 0.02568 0.02473 0.05459 0.01581 0.08196
0.06126 0.00616 0.07736 0.12553 0.01396 0.03523 0.13680 0.02175 0.08773 0.03428 0.01481 0.08453 0.02128 0.05877 0.05804 0.06304 0.04777 0.03093 0.00412 0.01666
0.05132 0.00704 0.05092 0.06491 0.01593 0.03209 0.02037 0.02265 0.07821 0.03766 0.01350 0.04096 0.01841 0.34868 0.05901 0.04913 0.03812 0.02987 0.00455 0.01667
0.07554 0.00926 0.06960 0.08071 0.01223 0.12549 0.01989 0.01962 0.05902 0.02911 0.01247 0.21203 0.02252 0.04389 0.03871 0.07078 0.05107 0.03129 0.00349 0.01329
0.08168 0.01306 0.03735 0.06088 0.07515 0.03412 0.02229 0.05085 0.06190 0.06799 0.02799 0.06208 0.02120 0.04494 0.04278 0.09051 0.10748 0.06619 0.00683 0.02474
0.04372 0.00701 0.02647 0.04409 0.01301 0.02743 0.02011 0.02041 0.10162 0.03377 0.01245 0.03104 0.01667 0.04406 0.43807 0.04038 0.03374 0.02702 0.00460 0.01431
0.04468 0.00525 0.46086 0.09003 0.00964 0.03708 0.01778 0.01419 0.04350 0.02139 0.00802 0.05135 0.01915 0.03801 0.02560 0.04693 0.03176 0.02058 0.00306 0.01113
0.03771 0.00902 0.01275 0.01824 0.04161 0.01627 0.00980 0.09160 0.02304 0.47104 0.04199 0.01400 0.01072 0.01636 0.01967 0.02464 0.02823 0.08582 0.00612 0.02139
0.09342 0.01368 0.03678 0.04395 0.01522 0.04880 0.01454 0.02417 0.04053 0.03223 0.01287 0.03574 0.02310 0.02882 0.03057 0.39098 0.05733 0.03939 0.00389 0.01399
0.06111 0.00639 0.07284 0.09302 0.01296 0.03559 0.02475 0.02047 0.08997 0.03261 0.01389 0.11713 0.02103 0.17835 0.06191 0.06210 0.04670 0.02957 0.00396 0.01565
0.04310 0.01156 0.00834 0.01428 0.03575 0.01142 0.00748 0.25041 0.01612 0.23372 0.04357 0.01116 0.00891 0.01317 0.01355 0.02169 0.03381 0.20199 0.00482 0.01514
0.06035 0.00545 0.07898 0.18337 0.01067 0.03531 0.02611 0.01848 0.14966 0.03040 0.01345 0.08544 0.02149 0.06178 0.06307 0.06367 0.04740 0.02720 0.00358 0.01416
0.06111 0.00519 0.20196 0.13894 0.01046 0.03757 0.02542 0.01760 0.08010 0.02866 0.01272 0.06363 0.02206 0.05985 0.07872 0.06540 0.04721 0.02630 0.00331 0.01380
0.06435 0.01127 0.03376 0.10546 0.12998 0.02648 0.02505 0.05200 0.05560 0.07602 0.02847 0.03660 0.01790 0.04094 0.03922 0.05432 0.05093 0.06359 0.01136 0.07668
0.07912 0.00961 0.05114 0.08322 0.01855 0.05521 0.02537 0.03357 0.08235 0.04881 0.02132 0.07302 0.02264 0.07690 0.05313 0.09374 0.08087 0.06738 0.00510 0.01895
0.06342 0.01494 0.01505 0.02657 0.10504 0.02095 0.01755 0.09180 0.03002 0.14003 0.06926 0.02185 0.01493 0.02470 0.02528 0.04230 0.05036 0.15203 0.01033 0.06362
0.11087 0.04145 0.02287 0.03877 0.03127 0.03372 0.01773 0.12708 0.04225 0.08205 0.03219 0.03062 0.01993 0.03196 0.03216 0.11888 0.06242 0.09327 0.00701 0.02348
0.05665 0.01205 0.01961 0.03131 0.06597 0.02201 0.02107 0.07407 0.03611 0.09698 0.03130 0.02488 0.01458 0.02696 0.02857 0.04249 0.04352 0.15096 0.01271 0.18819
0.10369 0.01492 0.03445 0.04724 0.01541 0.04996 0.01615 0.02967 0.04680 0.03844 0.01625 0.03820 0.02442 0.03366 0.03405 0.20802 0.18403 0.04709 0.00395 0.01360
0.08051 0.01446 0.02699 0.04569 0.02875 0.03157 0.01854 0.10167 0.04916 0.07945 0.03044 0.03297 0.01935 0.03589 0.03561 0.08621 0.13406 0.12019 0.00645 0.02202
0.12832 0.01422 0.03230 0.04848 0.01990 0.04251 0.01733 0.04648 0.05009 0.05476 0.02137 0.03686 0.15682 0.03584 0.03592 0.07733 0.06241 0.09793 0.00474 0.01637
0.03771 0.00902 0.01275 0.01824 0.04161 0.01627 0.00980 0.09160 0.02304 0.47104 0.04199 0.01400 0.01072 0.01636 0.01967 0.02464 0.02823 0.08582 0.00612 0.02139
0.03860 0.00991 0.00915 0.01536 0.04400 0.01162 0.00835 0.16048 0.01863 0.38464 0.05146 0.01167 0.00912 0.01493 0.01583 0.02168 0.03035 0.12050 0.00565 0.01810
0.03344 0.00849 0.01244 0.01620 0.42731 0.01723 0.01967 0.05451 0.01782 0.10487 0.02667 0.01589 0.01091 0.01552 0.01624 0.02568 0.02473 0.05459 0.01581 0.08196
0.04745 0.00564 0.07908 0.41435 0.01069 0.03523 0.01939 0.01806 0.05857 0.02694 0.01021 0.04987 0.01914 0.04255 0.03851 0.04880 0.03496 0.02505 0.00338 0.01212
0.04705 0.01016 0.01551 0.02307 0.03844 0.01994 0.01134 0.08671 0.02928 0.15915 0.30567 0.01772 0.01256 0.02012 0.02415 0.03283 0.03458 0.08513 0.00602 0.02057
0.06627 0.47455 0.01416 0.01792 0.01851 0.03639 0.00961 0.04276 0.02128 0.04678 0.01519 0.01868 0.01780 0.01512 0.01916 0.05050 0.04118 0.05562 0.00460 0.01390
0.06101 0.10038 0.01162 0.01983 0.03251 0.01906 0.01087 0.20233 0.02256 0.11454 0.03602 0.01681 0.01263 0.01767 0.01879 0.03626 0.04608 0.19600 0.00579 0.01924
0.08523 0.03912 0.02505 0.04313 0.03272 0.03301 0.01929 0.06799 0.04713 0.08428 0.08175 0.03262 0.02021 0.03525 0.03535 0.08904 0.11049 0.08584 0.00745 0.02504
0.04745 0.00564 0.07908 0.41435 0.01069 0.03523 0.01939 0.01806 0.05857 0.02694 0.01021 0.04987 0.01914 0.04255 0.03851 0.04880 0.03496 0.02505 0.00338 0.01212
0.09342 0.01368 0.03678 0.04395 0.01522 0.04880 0.01454 0.02417 0.04053 0.03223 0.01287 0.03574 0.02310 0.02882 0.03057 0.39098 0.05733 0.03939 0.00389 0.01399
0.04356 0.01140 0.00899 0.01555 0.11438 0.01279 0.01055 0.21717 0.01767 0.22755 0.05012 0.01280 0.01001 0.01550 0.01554 0.02481 0.03464 0.12253 0.00743 0.02701
0.06980 0.01369 0.02367 0.04010 0.03502 0.02598 0.01760 0.11075 0.04515 0.18164 0.03584 0.02882 0.01700 0.03256 0.03385 0.10265 0.05340 0.10072 0.00710 0.02467
0.04745 0.00564 0.07908 0.41435 0.01069 0.03523 0.01939 0.01806 0.05857 0.02694 0.01021 0.04987 0.01914 0.04255 0.03851 0.04880 0.03496 0.02505 0.00338 0.01212
0.04824 0.01076 0.01807 0.02924 0.22781 0.01927 0.06328 0.05397 0.03366 0.12537 0.02924 0.02450 0.01353 0.02661 0.02706 0.03842 0.03829 0.06094 0.01815 0.09359
0.05987 0.00811 0.06251 0.06930 0.01507 0.03845 0.01809 0.01966 0.05364 0.02832 0.01089 0.37525 0.01992 0.03741 0.03751 0.05618 0.04070 0.02899 0.00413 0.01599
0.11560 0.01380 0.01704 0.02948 0.03570 0.02089 0.01402 0.16710 0.03290 0.12891 0.09046 0.02203 0.01432 0.02496 0.02560 0.04151 0.04836 0.12942 0.00653 0.02138
0.07408 0.01644 0.01984 0.03523 0.07175 0.02544 0.02090 0.10133 0.05906 0.12754 0.04084 0.02773 0.01765 0.03111 0.03180 0.05221 0.05880 0.09452 0.03116 0.06259
0.07266 0.01433 0.02659 0.06661 0.06585 0.02660 0.02193 0.06944 0.05007 0.09759 0.07880 0.03275 0.01834 0.03759 0.03701 0.05548 0.05765 0.08351 0.00958 0.07762
0.04372 0.00701 0.02647 0.04409 0.01301 0.02743 0.02011 0.02041 0.10162 0.03377 0.01245 0.03104 0.01667 0.04406 0.43807 0.04038 0.03374 0.02702 0.00460 0.01431
0.07675 0.04211 0.01905 0.03271 0.03520 0.02832 0.01627 0.08853 0.03744 0.10605 0.14089 0.02620 0.01760 0.02819 0.02964 0.05477 0.08385 0.10525 0.00724 0.02396
0.05487 0.00599 0.04158 0.07342 0.01081 0.02853 0.02753 0.02005 0.22313 0.03416 0.01479 0.07323 0.01934 0.06568 0.15875 0.05557 0.04531 0.02828 0.00428 0.01468
0.04745 0.00564 0.07908 0.41435 0.01069 0.03523 0.01939 0.01806 0.05857 0.02694 0.01021 0.04987 0.01914 0.04255 0.03851 0.04880 0.03496 0.02505 0.00338 0.01212
0.04745 0.00564 0.07908 0.41435 0.01069 0.03523 0.01939 0.01806 0.05857 0.02694 0.01021 0.04987 0.01914 0.04255 0.03851 0.04880 0.03496 0.02505 0.00338 0.01212
0.06987 0.00728 0.09230 0.09439 0.01332 0.11676 0.02525 0.02309 0.08550 0.03579 0.01584 0.05597 0.02228 0.05900 0.10707 0.06959 0.05321 0.03376 0.00405 0.01566
0.04573 0.01195 0.00896 0.01453 0.03029 0.01261 0.00708 0.32950 0.01658 0.13680 0.03626 0.01159 0.00904 0.01259 0.01358 0.02310 0.03480 0.22676 0.00420 0.01404
0.07127 0.00693 0.05942 0.11499 0.01403 0.03406 0.04834 0.02464 0.11857 0.03895 0.01761 0.05638 0.02251 0.08460 0.06499 0.08970 0.07606 0.03550 0.00440 0.01705
0.09007 0.00676 0.07097 0.14406 0.01366 0.03587 0.04877 0.02370 0.08839 0.03704 0.01660 0.08229 0.02257 0.06296 0.05507 0.09184 0.05460 0.03427 0.00413 0.01638
0.04594 0.01123 0.01283 0.02142 0.11334 0.01624 0.01970 0.07741 0.02451 0.28101 0.04151 0.01865 0.01200 0.02101 0.02094 0.03221 0.03668 0.07753 0.01425 0.10159
0.06700 0.00727 0.06281 0.18477 0.01488 0.03389 0.02590 0.02858 0.11480 0.04133 0.01771 0.05421 0.02151 0.06036 0.06164 0.06632 0.05263 0.06324 0.00440 0.01675
0.03344 0.00849 0.01244 0.01620 0.42731 0.01723 0.01967 0.05451 0.01782 0.10487 0.02667 0.01589 0.01091 0.01552 0.01624 0.02568 0.02473 0.05459 0.01581 0.08196
0.10982 0.00927 0.06884 0.11776 0.01364 0.17054 0.02162 0.02496 0.06554 0.03569 0.01531 0.05264 0.02261 0.04846 0.04238 0.07180 0.05380 0.03714 0.00381 0.01436
0.07059 0.00667 0.11238 0.10236 0.01358 0.05597 0.02695 0.02353 0.11041 0.05685 0.01665 0.08014 0.02274 0.06402 0.05502 0.07201 0.05534 0.03418 0.00413 0.01647
0.07626 0.02930 0.04001 0.10634 0.02632 0.03081 0.02459 0.05090 0.09365 0.08604 0.04503 0.04422 0.02095 0.05261 0.05116 0.06628 0.06051 0.06516 0.00657 0.02329
0.06810 0.00834 0.04253 0.07593 0.01678 0.03101 0.02649 0.03199 0.17311 0.04710 0.02017 0.04744 0.02084 0.06135 0.09992 0.06465 0.07672 0.06435 0.00507 0.01810
0.04816 0.01245 0.00962 0.01661 0.10475 0.01396 0.01032 0.22689 0.01866 0.16911 0.04543 0.01364 0.01051 0.01579 0.01608 0.02705 0.03790 0.17293 0.00670 0.02345
0.05916 0.00485 0.18972 0.11661 0.00984 0.03867 0.02483 0.01605 0.07399 0.02639 0.01164 0.09454 0.02202 0.11833 0.04338 0.06421 0.04520 0.02432 0.00307 0.01320
0.06855 0.01147 0.03127 0.04683 0.02798 0.03123 0.01776 0.05645 0.05265 0.15805 0.02680 0.03278 0.16437 0.03520 0.03890 0.05613 0.04949 0.06671 0.00592 0.02144
0.07365 0.01632 0.01970 0.03486 0.08932 0.02518 0.01996 0.10656 0.03866 0.10820 0.04086 0.02724 0.01741 0.03051 0.03103 0.07292 0.05827 0.11973 0.01020 0.05942
0.09512 0.00625 0.16153 0.10673 0.01184 0.06219 0.02536 0.02039 0.10401 0.03207 0.01431 0.06143 0.02253 0.05957 0.04770 0.06925 0.05116 0.03029 0.00360 0.01467
0.03860 0.00991 0.00915 0.01536 0.04400 0.01162 0.00835 0.16048 0.01863 0.38464 0.05146 0.01167 0.00912 0.01493 0.01583 0.02168 0.03035 0.12050 0.00565 0.01810
0.04417 0.01182 0.00851 0.01457 0.03478 0.01167 0.00759 0.22059 0.01635 0.22535 0.04230 0.01142 0.00903 0.01328 0.01367 0.02223 0.03461 0.23813 0.00479 0.01515
0.04712 0.00603 0.03088 0.05878 0.01058 0.02582 0.02651 0.02009 0.18329 0.03435 0.01413 0.03985 0.01758 0.06235 0.29065 0.04661 0.03956 0.02728 0.00442 0.01413
0.04745 0.00564 0.07908 0.41435 0.01069 0.03523 0.01939 0.01806 0.05857 0.02694 0.01021 0.04987 0.01914 0.04255 0.03851 0.04880 0.03496 0.02505 0.00338 0.01212
0.03777 0.00971 0.00970 0.01580 0.17201 0.01275 0.01383 0.09436 0.01827 0.31357 0.04902 0.01357 0.00984 0.01623 0.01615 0.02408 0.02995 0.08573 0.01065 0.04701
0.03344 0.00849 0.01244 0.01620 0.42731 0.01723 0.01967 0.05451 0.01782 0.10487 0.02667 0.01589 0.01091 0.01552 0.01624 0.02568 0.02473 0.05459 0.01581 0.08196
0.07146 0.01222 0.03322 0.07774 0.02919 0.02803 0.02245 0.12454 0.06994 0.10168 0.03116 0.03811 0.01916 0.04601 0.07141 0.05856 0.05682 0.07771 0.00686 0.02374
0.04026 0.01063 0.00860 0.01451 0.04031 0.01135 0.00785 0.24229 0.01718 0.29183 0.04779 0.01121 0.00892 0.01386 0.01461 0.02126 0.03162 0.14383 0.00527 0.01681
0.06627 0.47455 0.01416 0.01792 0.01851 0.03639 0.00961 0.04276 0.02128 0.04678 0.01519 0.01868 0.01780 0.01512 0.01916 0.05050 0.04118 0.05562 0.00460 0.01390
0.03860 0.00991 0.00915 0.01536 0.04400 0.01162 0.00835 0.16048 0.01863 0.38464 0.05146 0.01167 0.00912 0.01493 0.01583 0.02168 0.03035 0.12050 0.00565 0.01810
0.05503 0.00967 0.02963 0.03425 0.01280 0.03616 0.01177 0.01959 0.03204 0.02880 0.01003 0.02549 0.52246 0.02179 0.02539 0.04638 0.03508 0.02828 0.00403 0.01132
0.04495 0.00807 0.02918 0.04370 0.09061 0.02188 0.17702 0.03208 0.05155 0.05476 0.01889 0.03199 0.01464 0.03515 0.03878 0.04203 0.03556 0.03928 0.01785 0.17203
