1402
1
0 1.0
20
0.07879 0.01516 0.05352 0.06683 0.03971 0.06951 0.02292 0.05901 0.05944 0.09637 0.02377 0.04144 0.04829 0.03956 0.05410 0.06834 0.05407 0.06734 0.01141 0.03041
0.06610 0.01172 0.02785 0.04901 0.02800 0.02517 0.01957 0.05213 0.05338 0.06986 0.15387 0.03273 0.04130 0.03828 0.05857 0.07625 0.05232 0.06537 0.00662 0.07191
0.06560 0.00722 0.04413 0.09715 0.01542 0.02864 0.04137 0.07419 0.07837 0.04118 0.03666 0.04587 0.07410 0.08491 0.07044 0.06352 0.07196 0.03822 0.00438 0.01665
0.06592 0.03344 0.05403 0.06106 0.02253 0.02650 0.02107 0.04197 0.08648 0.13318 0.04917 0.06967 0.03999 0.04508 0.04145 0.05755 0.05230 0.05414 0.00563 0.03884
0.08728 0.01551 0.01351 0.02444 0.07568 0.02145 0.01572 0.09492 0.02810 0.14462 0.03760 0.05587 0.01485 0.02301 0.02443 0.04351 0.10299 0.11725 0.03173 0.02752
0.06586 0.02906 0.04193 0.07332 0.01713 0.02820 0.02284 0.04963 0.07431 0.04516 0.01974 0.09090 0.03724 0.07272 0.07975 0.11269 0.05222 0.06514 0.00468 0.01747
0.06451 0.00528 0.10539 0.12136 0.01021 0.03027 0.04312 0.01711 0.10707 0.04866 0.01373 0.09619 0.04303 0.07887 0.05315 0.06705 0.05113 0.02645 0.00342 0.01401
0.06523 0.01357 0.01998 0.03554 0.03282 0.05974 0.01718 0.12177 0.03897 0.17365 0.03309 0.02605 0.04161 0.02969 0.05710 0.04743 0.05165 0.10282 0.00740 0.02472
0.06588 0.06474 0.01702 0.03046 0.06172 0.11518 0.01655 0.09591 0.03384 0.10890 0.03521 0.02373 0.01538 0.02663 0.05018 0.04589 0.07523 0.08354 0.00789 0.02613
0.06520 0.00818 0.04021 0.07015 0.01794 0.04857 0.02235 0.03277 0.07242 0.10020 0.03950 0.09081 0.09160 0.05071 0.07057 0.06070 0.05167 0.04388 0.00482 0.01777
0.06593 0.00844 0.05817 0.06986 0.05145 0.05067 0.02235 0.03435 0.09217 0.06935 0.05168 0.04243 0.03904 0.05037 0.06871 0.07960 0.05231 0.04572 0.00497 0.04243
0.06591 0.00787 0.07476 0.07324 0.03534 0.04866 0.02276 0.03094 0.07384 0.04496 0.01966 0.04404 0.01910 0.05229 0.06990 0.12257 0.07541 0.09671 0.00466 0.01740
0.08380 0.00697 0.04439 0.07745 0.01459 0.07514 0.02343 0.02602 0.11276 0.10236 0.01754 0.04603 0.04081 0.05524 0.08143 0.08376 0.05152 0.03639 0.00423 0.01614
0.06567 0.00745 0.07390 0.07593 0.01604 0.02853 0.02317 0.06902 0.07644 0.09789 0.01880 0.06920 0.05583 0.05390 0.06936 0.08576 0.05208 0.03961 0.00448 0.01693
0.06591 0.03252 0.03715 0.09610 0.02080 0.04873 0.02165 0.03847 0.09093 0.07274 0.02285 0.06375 0.01839 0.04750 0.04332 0.05908 0.07298 0.08937 0.00533 0.05244
0.11162 0.00915 0.03715 0.06489 0.02055 0.02720 0.02154 0.03797 0.06611 0.07700 0.02258 0.10523 0.03719 0.04730 0.04312 0.10100 0.05217 0.06900 0.00527 0.04394
0.06553 0.00697 0.04496 0.09949 0.01475 0.02883 0.02364 0.04993 0.09821 0.09228 0.01772 0.06906 0.01952 0.07561 0.08231 0.08192 0.05203 0.05666 0.00426 0.01633
0.08861 0.01503 0.01466 0.02639 0.03706 0.02151 0.03734 0.12364 0.02992 0.16455 0.07190 0.02167 0.05248 0.02411 0.02521 0.04383 0.05168 0.11557 0.00813 0.02671
0.09341 0.03833 0.02511 0.06803 0.02865 0.05049 0.01833 0.16914 0.04649 0.07213 0.02940 0.03029 0.03933 0.03469 0.03334 0.05179 0.07300 0.06867 0.00667 0.02272
0.08722 0.00654 0.04526 0.07865 0.01350 0.04819 0.02325 0.02381 0.11032 0.08525 0.01651 0.08664 0.03680 0.05535 0.04922 0.08401 0.09614 0.03388 0.00399 0.01546
0.10245 0.00705 0.08281 0.07542 0.01502 0.06930 0.02278 0.02688 0.07575 0.04004 0.01779 0.04484 0.01895 0.05334 0.09974 0.06205 0.05079 0.08290 0.00426 0.04786
0.11004 0.00809 0.03948 0.11863 0.04985 0.02715 0.02192 0.05273 0.11629 0.04691 0.02028 0.04180 0.05711 0.04966 0.04485 0.05972 0.05099 0.06210 0.00477 0.01762
0.06432 0.03790 0.04825 0.04188 0.05108 0.06847 0.01797 0.14462 0.04440 0.09343 0.03011 0.02893 0.04038 0.03332 0.05479 0.04940 0.05100 0.06979 0.00682 0.02316
0.06380 0.06345 0.01198 0.02172 0.10096 0.02059 0.01489 0.07366 0.02537 0.19123 0.03692 0.04241 0.01421 0.02107 0.02270 0.06570 0.05046 0.12364 0.00824 0.02701
0.06431 0.03851 0.02212 0.03922 0.08802 0.02307 0.01759 0.05850 0.08731 0.11161 0.03107 0.02767 0.03531 0.03173 0.03101 0.09564 0.07257 0.07226 0.00703 0.04544
0.10444 0.00639 0.04578 0.09897 0.03520 0.07674 0.02352 0.02330 0.11129 0.03597 0.01634 0.04695 0.01936 0.05623 0.09308 0.08109 0.05098 0.03329 0.00396 0.03712
0.09554 0.01054 0.03022 0.05316 0.07135 0.02496 0.03880 0.04634 0.05530 0.14078 0.02598 0.05876 0.01704 0.06374 0.05859 0.05364 0.05093 0.07750 0.00597 0.02087
0.06415 0.03892 0.01780 0.03180 0.03374 0.02200 0.01648 0.09841 0.03499 0.14309 0.05576 0.04633 0.03507 0.02725 0.09932 0.04544 0.05087 0.10588 0.00756 0.02513
0.10223 0.00760 0.04123 0.07190 0.01638 0.07853 0.02227 0.02964 0.09245 0.07524 0.01895 0.06686 0.06036 0.05134 0.04611 0.06105 0.07344 0.06309 0.00450 0.01684
0.09918 0.06007 0.02190 0.05832 0.03085 0.04879 0.01754 0.05888 0.04159 0.09892 0.05281 0.02749 0.01581 0.03151 0.07623 0.04823 0.05101 0.07267 0.03965 0.04857
0.11295 0.01270 0.02221 0.03935 0.06315 0.02312 0.01758 0.05836 0.06685 0.11135 0.03093 0.02773 0.03536 0.03179 0.03103 0.07302 0.07258 0.13936 0.00699 0.02359
0.06433 0.01211 0.02450 0.04331 0.02891 0.04613 0.01818 0.08948 0.04575 0.09715 0.07444 0.02961 0.06764 0.05966 0.03288 0.07417 0.07233 0.08987 0.00672 0.02286
0.08427 0.01409 0.01667 0.02978 0.07043 0.02177 0.01607 0.14553 0.03296 0.11123 0.03410 0.02314 0.06401 0.02595 0.02647 0.09180 0.07742 0.08141 0.00763 0.02527
0.06437 0.02599 0.06676 0.07812 0.01407 0.02842 0.02327 0.02494 0.11889 0.03787 0.01704 0.04613 0.03653 0.05516 0.06826 0.13534 0.05108 0.06609 0.00410 0.03758
0.06560 0.10446 0.01537 0.02750 0.05685 0.08128 0.01586 0.09624 0.03088 0.11219 0.03525 0.02229 0.01506 0.02467 0.02556 0.10072 0.05158 0.08471 0.00789 0.02605
0.06543 0.00739 0.06375 0.07573 0.05982 0.07472 0.02304 0.02843 0.07592 0.06588 0.01857 0.07743 0.03724 0.05364 0.04784 0.08286 0.08199 0.03912 0.00443 0.01676
0.06563 0.01449 0.01704 0.03051 0.03538 0.04500 0.04323 0.11752 0.03383 0.12205 0.03516 0.02372 0.01534 0.02665 0.02722 0.07169 0.10166 0.11945 0.02830 0.02614
0.06562 0.01321 0.04391 0.03873 0.05829 0.02336 0.01777 0.06085 0.04153 0.09959 0.03219 0.02762 0.04139 0.03159 0.03100 0.07491 0.10040 0.11068 0.02951 0.05786
0.06572 0.03076 0.04194 0.07317 0.01656 0.04971 0.02265 0.02993 0.09724 0.07648 0.01918 0.06791 0.06798 0.05226 0.04695 0.10681 0.07231 0.04083 0.00455 0.01706
0.09047 0.01056 0.03227 0.05663 0.02447 0.02604 0.04197 0.10306 0.08004 0.06240 0.02597 0.03621 0.03701 0.04247 0.03964 0.10612 0.05245 0.10524 0.00598 0.02099
0.08719 0.03932 0.01584 0.02846 0.03682 0.02217 0.01640 0.09408 0.03194 0.09137 0.06288 0.02286 0.03834 0.02551 0.04185 0.07286 0.05266 0.12343 0.00817 0.08784
0.09622 0.00730 0.06241 0.10027 0.03561 0.04981 0.02355 0.04130 0.10196 0.04167 0.01851 0.04620 0.01955 0.08722 0.04918 0.06408 0.05256 0.05856 0.02721 0.01682
0.06506 0.01317 0.08692 0.03817 0.05890 0.02311 0.01765 0.08975 0.04092 0.16276 0.03259 0.02728 0.01590 0.03119 0.03062 0.04827 0.08610 0.07631 0.00735 0.04796
0.06614 0.00670 0.06632 0.08145 0.01397 0.02936 0.05584 0.04537 0.09508 0.07807 0.01710 0.04797 0.04217 0.05741 0.07451 0.08523 0.08216 0.03500 0.00413 0.01602
0.06640 0.06938 0.01456 0.02625 0.03779 0.04631 0.05353 0.13097 0.02988 0.11450 0.03725 0.02181 0.03845 0.02418 0.02540 0.04451 0.05264 0.10385 0.03494 0.02741
0.06613 0.00632 0.06109 0.08381 0.01295 0.02968 0.04658 0.04313 0.10370 0.06687 0.01623 0.07146 0.02006 0.08829 0.07183 0.08963 0.05248 0.03269 0.02154 0.01553
0.06634 0.03648 0.05035 0.05459 0.02552 0.07465 0.02018 0.07261 0.05648 0.06486 0.05116 0.03524 0.01756 0.06260 0.03847 0.09941 0.05259 0.09324 0.00617 0.02152
0.10145 0.01175 0.02798 0.07222 0.05272 0.07059 0.01941 0.06727 0.05152 0.09191 0.02879 0.03273 0.01710 0.03803 0.03602 0.08612 0.07726 0.08796 0.00657 0.02260
0.06662 0.00690 0.08035 0.08162 0.01448 0.06042 0.02410 0.02560 0.08110 0.06039 0.01751 0.11609 0.01997 0.05712 0.05057 0.08896 0.05279 0.05449 0.00422 0.03669
0.10761 0.00627 0.04927 0.08369 0.01193 0.05645 0.02404 0.02060 0.14087 0.03282 0.01518 0.07379 0.06476 0.05807 0.05184 0.06679 0.08694 0.03064 0.00373 0.01474
0.06608 0.00710 0.04668 0.07902 0.01469 0.08680 0.06557 0.02607 0.07851 0.07403 0.01753 0.06860 0.06982 0.05516 0.04938 0.08593 0.05201 0.03659 0.00423 0.01621
0.06713 0.03166 0.04165 0.10600 0.03692 0.02845 0.02300 0.03351 0.10478 0.04819 0.06598 0.06468 0.04096 0.05231 0.04716 0.08625 0.05326 0.04493 0.00493 0.01826
0.06696 0.00815 0.04215 0.07371 0.05108 0.05023 0.04674 0.03248 0.10605 0.04699 0.02046 0.04443 0.04005 0.05293 0.07127 0.08147 0.05313 0.08888 0.00484 0.01800
0.08824 0.00721 0.06588 0.07991 0.01531 0.02941 0.04802 0.05976 0.08041 0.04099 0.04136 0.09038 0.01990 0.05656 0.06855 0.06533 0.08354 0.03805 0.00439 0.01679
0.06657 0.00754 0.06554 0.07733 0.01623 0.09586 0.02350 0.02920 0.07745 0.09805 0.03981 0.04611 0.04139 0.08804 0.04891 0.06394 0.05275 0.04008 0.00453 0.01714
0.06713 0.00779 0.06203 0.07632 0.01689 0.05198 0.02351 0.03049 0.07696 0.06894 0.05244 0.04566 0.05026 0.07770 0.04869 0.08443 0.07467 0.04158 0.00467 0.03785
0.06739 0.03956 0.05666 0.03983 0.06931 0.02399 0.01825 0.08527 0.06537 0.10566 0.03304 0.02839 0.01649 0.03248 0.03187 0.07727 0.07917 0.07699 0.02791 0.02512
0.06529 0.04220 0.01693 0.03014 0.07627 0.04682 0.01722 0.06779 0.03349 0.11617 0.03505 0.05289 0.01533 0.02652 0.02710 0.04563 0.05171 0.08258 0.00862 0.14225
0.06728 0.03560 0.03239 0.05693 0.02527 0.04577 0.02071 0.04743 0.05880 0.09917 0.04831 0.06224 0.04069 0.06446 0.03979 0.08117 0.05336 0.06035 0.00615 0.05411
0.08618 0.00808 0.04256 0.07377 0.01736 0.05310 0.06935 0.03144 0.07434 0.04564 0.01993 0.04450 0.05123 0.05263 0.04734 0.08434 0.08702 0.04267 0.00473 0.06380
0.06884 0.04945 0.02734 0.04831 0.03011 0.02557 0.01977 0.08012 0.07726 0.10305 0.05683 0.03263 0.04029 0.03784 0.05693 0.08860 0.05460 0.07134 0.00705 0.02408
0.06738 0.01514 0.01636 0.02916 0.06588 0.04798 0.01651 0.17909 0.03263 0.12426 0.03679 0.02329 0.01553 0.02591 0.02678 0.09769 0.05314 0.09111 0.00817 0.02720
0.06757 0.00998 0.03582 0.06305 0.02270 0.02741 0.02191 0.04263 0.09008 0.10686 0.02466 0.03959 0.07085 0.04716 0.06564 0.05923 0.08744 0.09127 0.00574 0.02039
0.06849 0.00909 0.06201 0.07068 0.05488 0.06080 0.02295 0.03750 0.09631 0.09777 0.02270 0.04319 0.01938 0.07249 0.04645 0.06251 0.05433 0.07373 0.00532 0.01942
0.17406 0.00905 0.03914 0.06726 0.01816 0.02990 0.02175 0.03360 0.09797 0.06968 0.02047 0.04189 0.01933 0.04883 0.04570 0.11256 0.08270 0.04552 0.00483 0.01761
0.06891 0.03701 0.02376 0.04210 0.07048 0.07204 0.01889 0.09038 0.06824 0.08220 0.03327 0.05633 0.01698 0.03405 0.03329 0.05188 0.05464 0.07739 0.00755 0.06061
0.06828 0.00809 0.06558 0.09797 0.05167 0.02940 0.02379 0.03200 0.10148 0.10351 0.02037 0.04613 0.01988 0.05472 0.04909 0.08369 0.07805 0.04338 0.00483 0.01808
0.06826 0.01121 0.03225 0.05649 0.02609 0.02662 0.02081 0.11117 0.05888 0.08707 0.02752 0.08498 0.01811 0.06538 0.04020 0.09351 0.05407 0.08906 0.00630 0.02203
0.10130 0.00646 0.07390 0.08981 0.01312 0.03156 0.02581 0.02275 0.11039 0.07035 0.01659 0.07657 0.02120 0.08150 0.05517 0.06990 0.08026 0.03325 0.00405 0.01605
0.09462 0.00858 0.04401 0.09843 0.04479 0.02984 0.02414 0.03432 0.07809 0.08232 0.02153 0.06815 0.02021 0.05507 0.08508 0.08519 0.05550 0.04615 0.00509 0.01890
0.07003 0.01295 0.02759 0.04874 0.08416 0.02601 0.02025 0.05870 0.05194 0.09968 0.03175 0.03307 0.04485 0.03835 0.07562 0.05502 0.09149 0.07304 0.00737 0.04938
0.07053 0.01396 0.02434 0.04320 0.05771 0.02534 0.01939 0.06433 0.07070 0.12315 0.03411 0.03046 0.01740 0.03503 0.05611 0.05312 0.08312 0.10795 0.00774 0.06230
0.06702 0.00589 0.09409 0.11333 0.01174 0.05482 0.02557 0.02007 0.11079 0.03257 0.01515 0.05372 0.02107 0.09643 0.05400 0.06887 0.05301 0.08302 0.00374 0.01511
0.07002 0.03327 0.07933 0.10313 0.01680 0.03054 0.02482 0.03013 0.08208 0.04466 0.01977 0.04870 0.02064 0.08211 0.05168 0.08896 0.05554 0.06075 0.00472 0.05234
0.06960 0.00671 0.07541 0.08964 0.01413 0.03183 0.06052 0.02395 0.09111 0.03764 0.01716 0.05261 0.02137 0.06268 0.11460 0.09282 0.05525 0.03459 0.00428 0.04410
0.07161 0.01268 0.05576 0.05362 0.03044 0.04947 0.02100 0.08788 0.05556 0.07604 0.03097 0.03557 0.01850 0.04102 0.03884 0.05754 0.05664 0.11034 0.00714 0.08939
0.11485 0.07270 0.02106 0.03550 0.02678 0.03338 0.01611 0.05345 0.03820 0.06731 0.02739 0.02870 0.07314 0.02924 0.02897 0.09939 0.05828 0.14879 0.00618 0.02058
0.07079 0.00776 0.08418 0.08493 0.01655 0.05414 0.02535 0.06618 0.10452 0.07114 0.01960 0.07295 0.02109 0.05932 0.05294 0.06873 0.05609 0.04113 0.00470 0.01791
0.07197 0.01333 0.02835 0.04996 0.03214 0.02668 0.02061 0.08608 0.05284 0.10282 0.03268 0.07084 0.05782 0.03918 0.03771 0.05641 0.05704 0.10117 0.00746 0.05491
0.11223 0.01167 0.03464 0.06055 0.05564 0.05336 0.02201 0.04980 0.06296 0.09190 0.02809 0.03906 0.01937 0.04553 0.06471 0.09826 0.05728 0.06369 0.00648 0.02275
0.06853 0.04035 0.04915 0.02939 0.08080 0.02263 0.01673 0.14019 0.03282 0.14929 0.03942 0.02343 0.01572 0.02621 0.02701 0.04614 0.05428 0.10151 0.00842 0.02798
0.07180 0.00838 0.04678 0.08054 0.05513 0.05222 0.02479 0.03189 0.08158 0.04679 0.02055 0.07174 0.04857 0.05727 0.08695 0.09143 0.05652 0.04372 0.00491 0.01844
0.09336 0.00906 0.07201 0.07625 0.09022 0.03100 0.02354 0.03592 0.07319 0.05090 0.02185 0.08423 0.02033 0.05274 0.04688 0.06541 0.08059 0.04807 0.00519 0.01924
0.11297 0.01107 0.03892 0.09175 0.06338 0.02949 0.02329 0.04842 0.06910 0.09185 0.02759 0.04216 0.01997 0.07175 0.04630 0.06320 0.05776 0.06184 0.00639 0.02280
0.07331 0.03600 0.03421 0.05990 0.02673 0.02922 0.02223 0.09543 0.06633 0.06867 0.02825 0.10639 0.01952 0.04600 0.07296 0.06155 0.05746 0.06646 0.00653 0.02285
0.07881 0.01325 0.02980 0.04542 0.02536 0.06940 0.01770 0.04907 0.04780 0.22668 0.02532 0.03332 0.01941 0.03422 0.03513 0.10306 0.05609 0.06380 0.00588 0.02048
0.07090 0.00915 0.04428 0.07615 0.04925 0.03032 0.06307 0.03712 0.07920 0.07636 0.02287 0.08710 0.02051 0.08044 0.05178 0.06578 0.05629 0.04924 0.00611 0.02408
0.10446 0.01358 0.03003 0.05149 0.07293 0.05488 0.02060 0.05893 0.05357 0.07657 0.03120 0.06355 0.01925 0.03975 0.03801 0.06078 0.05886 0.11977 0.00715 0.02466
0.07305 0.01454 0.02242 0.03864 0.03205 0.02669 0.01748 0.12998 0.04179 0.08596 0.03311 0.02848 0.04842 0.03144 0.03143 0.08491 0.05582 0.17288 0.00708 0.02383
0.07395 0.03576 0.03186 0.08105 0.05642 0.02813 0.02181 0.05904 0.05837 0.11900 0.03189 0.07496 0.01915 0.04280 0.04082 0.05966 0.05853 0.07392 0.00734 0.02556
0.06937 0.00720 0.08771 0.09064 0.01462 0.03349 0.02510 0.02597 0.08269 0.03928 0.01743 0.05332 0.10879 0.08711 0.05164 0.06870 0.05410 0.06204 0.00425 0.01655
0.08098 0.04609 0.02692 0.04635 0.02881 0.08015 0.01918 0.08836 0.04911 0.07279 0.02975 0.03355 0.04840 0.03663 0.03548 0.06393 0.11142 0.07244 0.00675 0.02290
0.07160 0.00927 0.11009 0.07689 0.02102 0.03084 0.02413 0.03994 0.07598 0.08263 0.06456 0.04671 0.04349 0.05416 0.04897 0.06595 0.05644 0.05201 0.00540 0.01990
0.07447 0.01178 0.03644 0.06276 0.02657 0.02985 0.02250 0.09271 0.06512 0.09389 0.02816 0.06646 0.04326 0.04682 0.04420 0.10225 0.05831 0.06509 0.00649 0.02285
0.07694 0.01308 0.03054 0.05224 0.02777 0.07596 0.02018 0.05613 0.05499 0.07227 0.05932 0.03576 0.07654 0.04012 0.03869 0.06228 0.05828 0.11985 0.00654 0.02252
0.06429 0.00776 0.05757 0.11419 0.01730 0.03159 0.02354 0.03169 0.07721 0.12580 0.01896 0.12956 0.01999 0.05316 0.05081 0.06159 0.05031 0.04232 0.00466 0.01770
0.07204 0.00898 0.07281 0.10510 0.05811 0.03132 0.02509 0.03618 0.07863 0.05213 0.02245 0.04855 0.04302 0.05629 0.05018 0.06746 0.05704 0.04840 0.00555 0.06066
0.07231 0.00863 0.06773 0.08126 0.01877 0.03123 0.02559 0.05805 0.12145 0.05002 0.05976 0.04897 0.02117 0.05890 0.07930 0.06849 0.05749 0.04643 0.00518 0.01927
0.07000 0.00841 0.04820 0.07968 0.01760 0.07242 0.02482 0.07614 0.13685 0.04692 0.02035 0.07559 0.02078 0.05696 0.05663 0.06636 0.05508 0.04404 0.00493 0.01825
0.07152 0.00922 0.04892 0.10522 0.02012 0.05626 0.02407 0.03636 0.07584 0.05169 0.02213 0.04748 0.02073 0.05377 0.04924 0.06617 0.12679 0.04862 0.00530 0.06056
0.11902 0.01084 0.03456 0.05694 0.02574 0.02826 0.02067 0.05192 0.06468 0.16743 0.02758 0.03715 0.01841 0.09114 0.04595 0.05716 0.05246 0.06330 0.00595 0.02085
0.09332 0.00706 0.09521 0.13283 0.01465 0.03320 0.02619 0.02564 0.08746 0.03949 0.01783 0.05436 0.02186 0.06222 0.05412 0.09582 0.05604 0.03663 0.02905 0.01702
0.06378 0.00625 0.05461 0.08642 0.01184 0.10873 0.02566 0.02086 0.13014 0.03377 0.01520 0.10094 0.02061 0.06138 0.09541 0.06461 0.05045 0.03044 0.00393 0.01497
0.09639 0.00877 0.04673 0.07992 0.01955 0.03123 0.04749 0.03458 0.10855 0.05027 0.02180 0.04838 0.02099 0.05751 0.05465 0.10474 0.05686 0.04662 0.00531 0.05966
0.07494 0.05717 0.02471 0.04377 0.06219 0.02687 0.02011 0.06933 0.07104 0.09039 0.06259 0.03136 0.01831 0.03583 0.03557 0.09528 0.05913 0.08545 0.00822 0.02773
0.06853 0.00900 0.08934 0.10394 0.07918 0.03026 0.02473 0.03701 0.07229 0.05340 0.02241 0.04650 0.02008 0.05248 0.04649 0.06363 0.05418 0.04875 0.00652 0.07126
0.07250 0.04587 0.01518 0.02720 0.07047 0.04973 0.01691 0.08964 0.03107 0.15172 0.04131 0.02299 0.01629 0.02525 0.02663 0.04784 0.05701 0.15393 0.00894 0.02954
0.07182 0.01575 0.01940 0.03468 0.06736 0.02455 0.01892 0.07650 0.03904 0.10470 0.06762 0.02672 0.01702 0.03032 0.07601 0.05050 0.05699 0.11943 0.05101 0.03166
0.07267 0.03340 0.04425 0.11559 0.02086 0.03080 0.04903 0.03842 0.10248 0.05462 0.02346 0.04692 0.02084 0.05596 0.05300 0.06697 0.05766 0.08721 0.00555 0.02030
0.07171 0.01339 0.02837 0.04918 0.03358 0.05181 0.06527 0.13287 0.05430 0.11056 0.03284 0.03371 0.01827 0.03901 0.03953 0.05602 0.05659 0.07836 0.00767 0.02697
0.07034 0.01023 0.04291 0.06854 0.11690 0.03036 0.02330 0.04163 0.06856 0.05839 0.02429 0.06915 0.01980 0.07769 0.04599 0.09135 0.05489 0.05423 0.00646 0.02499
0.06864 0.00961 0.03820 0.06864 0.02177 0.02892 0.02443 0.03973 0.12639 0.08052 0.02388 0.04314 0.01978 0.05396 0.08750 0.08852 0.05493 0.05189 0.04879 0.02077
0.07217 0.00809 0.05026 0.08461 0.01680 0.03233 0.02558 0.05529 0.11139 0.04489 0.01983 0.08827 0.06170 0.05965 0.05548 0.09210 0.05681 0.04189 0.00478 0.01808
0.07437 0.01021 0.04285 0.07047 0.02126 0.05836 0.09538 0.03849 0.07204 0.05395 0.02291 0.04434 0.04966 0.05051 0.04790 0.06675 0.05698 0.09805 0.00549 0.02003
0.07081 0.00690 0.05796 0.13400 0.01385 0.03342 0.05158 0.02416 0.08895 0.03772 0.01713 0.05445 0.04480 0.06247 0.05543 0.10943 0.08125 0.03499 0.00420 0.01651
0.07819 0.04255 0.02624 0.04471 0.03038 0.08083 0.01900 0.14043 0.04776 0.07696 0.03106 0.06383 0.01899 0.03551 0.03504 0.06055 0.05875 0.07839 0.00701 0.02381
0.07281 0.01117 0.03732 0.06551 0.05230 0.02924 0.02355 0.04791 0.06984 0.06606 0.02753 0.08181 0.01989 0.04925 0.08490 0.06294 0.08281 0.06147 0.02917 0.02451
0.06462 0.03481 0.04588 0.10791 0.01457 0.03033 0.02508 0.02708 0.22399 0.04064 0.01770 0.04734 0.02007 0.05872 0.06884 0.06277 0.05127 0.03748 0.00448 0.01642
0.07177 0.01365 0.02702 0.04744 0.07446 0.02644 0.02015 0.09567 0.07904 0.08693 0.03385 0.03267 0.01802 0.03782 0.03771 0.05521 0.12521 0.08348 0.00754 0.02593
0.05546 0.04666 0.00937 0.01657 0.03469 0.01588 0.01067 0.19258 0.01904 0.11906 0.09223 0.01455 0.01143 0.01581 0.01696 0.03109 0.04356 0.22765 0.00631 0.02044
0.06120 0.01437 0.01416 0.02488 0.03491 0.04967 0.01344 0.16384 0.02790 0.17817 0.03735 0.01970 0.01353 0.02189 0.02275 0.03879 0.04793 0.18629 0.00680 0.02242
0.07250 0.01170 0.03556 0.08757 0.02603 0.02895 0.02153 0.08454 0.06230 0.06885 0.02786 0.03890 0.01922 0.04476 0.04241 0.12632 0.05664 0.11615 0.00625 0.02198
0.09763 0.03558 0.03619 0.06314 0.02529 0.05132 0.02235 0.04727 0.06525 0.06460 0.02703 0.04032 0.01964 0.08374 0.04382 0.06274 0.09663 0.06094 0.00625 0.05028
0.06925 0.03627 0.11939 0.08906 0.01332 0.05810 0.02513 0.02331 0.14936 0.03626 0.01647 0.05238 0.02124 0.05997 0.05336 0.06921 0.05410 0.03392 0.00404 0.01585
0.06865 0.04207 0.05946 0.03330 0.03678 0.02310 0.01713 0.10857 0.03650 0.13032 0.08117 0.02524 0.01602 0.02849 0.02876 0.04753 0.05436 0.12822 0.00795 0.02638
0.09279 0.00656 0.07746 0.12852 0.01328 0.06618 0.02631 0.04319 0.09045 0.03646 0.01678 0.05391 0.02168 0.06347 0.08181 0.07126 0.05578 0.03370 0.00411 0.01629
0.07153 0.04337 0.07419 0.08449 0.03875 0.03137 0.02555 0.02996 0.10754 0.04470 0.01986 0.08342 0.02119 0.05988 0.07372 0.06933 0.05674 0.04151 0.00476 0.01813
0.07032 0.01129 0.06417 0.06113 0.02676 0.05247 0.02152 0.04992 0.05994 0.06581 0.02707 0.03914 0.01895 0.04399 0.04053 0.05947 0.05508 0.16311 0.00642 0.06290
0.07195 0.01166 0.03401 0.05966 0.02681 0.09247 0.02196 0.08787 0.06355 0.06884 0.05679 0.03856 0.04122 0.04529 0.06808 0.06043 0.05677 0.06475 0.00652 0.02278
0.13601 0.06248 0.04408 0.11583 0.01868 0.03099 0.02348 0.03479 0.10287 0.04925 0.02121 0.04544 0.02027 0.05304 0.05061 0.06545 0.05513 0.04690 0.00504 0.01845
0.06902 0.00824 0.09480 0.08562 0.09558 0.06368 0.02413 0.03140 0.07313 0.04559 0.01959 0.08167 0.02093 0.05405 0.04585 0.06597 0.05353 0.04277 0.00498 0.01946
0.07224 0.00780 0.05000 0.11011 0.01647 0.03202 0.02630 0.02945 0.09033 0.07136 0.02747 0.07481 0.05921 0.06190 0.07876 0.07045 0.05739 0.04100 0.00477 0.01816
0.06500 0.01523 0.01499 0.02662 0.11319 0.02169 0.01816 0.07879 0.03028 0.15477 0.07352 0.02234 0.02586 0.02491 0.02577 0.04397 0.05163 0.09058 0.01056 0.09214
0.11658 0.01234 0.03146 0.05452 0.02797 0.02770 0.02051 0.09285 0.05730 0.10043 0.02968 0.09575 0.01853 0.04146 0.03970 0.05808 0.05614 0.08991 0.00650 0.02261
0.07292 0.01023 0.04139 0.07212 0.05198 0.03014 0.04614 0.04282 0.08358 0.08438 0.02542 0.04468 0.02046 0.07720 0.05002 0.10438 0.05788 0.05586 0.00609 0.02229
0.07675 0.01001 0.04319 0.07174 0.01885 0.11207 0.02298 0.03434 0.07377 0.07885 0.02118 0.04526 0.04809 0.05149 0.05856 0.10433 0.05782 0.04733 0.00504 0.01836
0.10281 0.01266 0.03258 0.05739 0.07109 0.02829 0.04492 0.05636 0.06158 0.10128 0.03111 0.03775 0.01930 0.04427 0.06816 0.06022 0.06673 0.07086 0.00725 0.02540
0.07229 0.01108 0.03767 0.06561 0.05210 0.02909 0.05297 0.04751 0.06818 0.06574 0.02735 0.04161 0.01980 0.07406 0.04578 0.07104 0.08269 0.06095 0.00705 0.06742
0.07163 0.00666 0.08004 0.09472 0.01353 0.03317 0.05407 0.04671 0.09358 0.03715 0.01708 0.09294 0.02216 0.08617 0.06594 0.07259 0.05679 0.03421 0.00420 0.01666
0.07054 0.00937 0.04169 0.07357 0.05491 0.02991 0.02481 0.03842 0.12481 0.08424 0.02341 0.06817 0.02036 0.05542 0.08239 0.06468 0.05623 0.05067 0.00567 0.02071
0.07653 0.04322 0.03836 0.06720 0.02650 0.03105 0.03313 0.04935 0.07418 0.06761 0.02824 0.07014 0.02082 0.05106 0.07546 0.06596 0.06022 0.09090 0.00663 0.02343
0.07382 0.01533 0.02313 0.04099 0.06395 0.02581 0.01946 0.07998 0.04447 0.13525 0.05152 0.05811 0.01780 0.03396 0.03376 0.05354 0.06784 0.12463 0.00838 0.02826
0.09803 0.04620 0.03455 0.05876 0.02069 0.03748 0.02105 0.03870 0.06663 0.05319 0.02256 0.04059 0.02190 0.04519 0.10106 0.15439 0.06136 0.05369 0.00534 0.01866
0.08469 0.00725 0.06407 0.12511 0.01429 0.07010 0.05302 0.02501 0.08534 0.03847 0.01721 0.05579 0.02220 0.06085 0.05329 0.11128 0.05526 0.03599 0.00423 0.01654
0.06966 0.01435 0.02306 0.04070 0.07935 0.02504 0.02128 0.06966 0.04524 0.12613 0.03674 0.02983 0.01735 0.03417 0.07067 0.05198 0.05532 0.09737 0.01018 0.08192
0.06573 0.00903 0.03740 0.06846 0.02104 0.02863 0.02553 0.03699 0.13057 0.08970 0.02263 0.04348 0.01971 0.05693 0.12809 0.06026 0.05310 0.04832 0.00581 0.04860
0.07872 0.05253 0.02105 0.03728 0.03948 0.02771 0.01932 0.07715 0.04139 0.09867 0.03924 0.02883 0.04752 0.03205 0.03272 0.05620 0.07426 0.12839 0.03806 0.02942
0.07521 0.01439 0.04030 0.04934 0.06767 0.02755 0.02118 0.06861 0.05225 0.12807 0.06052 0.03404 0.01886 0.03915 0.03789 0.08517 0.05952 0.08393 0.00815 0.02820
0.07089 0.00930 0.04181 0.07473 0.02059 0.03035 0.02556 0.03753 0.12946 0.05416 0.02974 0.04628 0.02070 0.05758 0.08688 0.10110 0.05666 0.04973 0.03657 0.02038
0.09918 0.01396 0.03009 0.05313 0.03348 0.02824 0.02189 0.06356 0.06371 0.12209 0.06435 0.06206 0.01932 0.04187 0.04108 0.05966 0.06010 0.07905 0.01641 0.02677
0.10158 0.02332 0.05986 0.06523 0.02791 0.03021 0.02346 0.05250 0.06730 0.10451 0.02959 0.04174 0.04947 0.04879 0.04540 0.06481 0.06032 0.06704 0.01298 0.02400
0.09931 0.03028 0.05493 0.04773 0.03358 0.02704 0.02019 0.11934 0.05051 0.08832 0.06236 0.03298 0.01841 0.03778 0.03654 0.05654 0.05862 0.09209 0.00761 0.02584
0.07550 0.01508 0.02576 0.04566 0.04983 0.02705 0.02091 0.09740 0.07347 0.11945 0.03701 0.04124 0.01861 0.03720 0.03677 0.05661 0.05989 0.09349 0.00857 0.06050
0.07559 0.01097 0.04184 0.07042 0.02397 0.05911 0.02376 0.04505 0.07270 0.11379 0.02599 0.07599 0.02084 0.05801 0.04864 0.06657 0.06802 0.07099 0.00607 0.02169
0.07419 0.01081 0.04044 0.12244 0.02469 0.03019 0.02410 0.07388 0.07426 0.07395 0.03831 0.04408 0.02053 0.05228 0.05563 0.06531 0.08410 0.06252 0.00618 0.02210
0.07501 0.00613 0.11154 0.13130 0.01219 0.09939 0.02565 0.02095 0.08213 0.03318 0.01501 0.06957 0.02206 0.06092 0.04946 0.06929 0.05220 0.04514 0.00373 0.01515
0.07016 0.01544 0.01936 0.03444 0.09128 0.02419 0.01976 0.08661 0.06988 0.14946 0.03999 0.02670 0.01684 0.03030 0.03124 0.04966 0.05573 0.09039 0.04077 0.03780
0.07423 0.01036 0.09217 0.07382 0.03586 0.03094 0.02436 0.05181 0.07402 0.09666 0.02579 0.04558 0.02078 0.05311 0.04830 0.09626 0.05857 0.05881 0.00609 0.02246
0.07200 0.01063 0.04350 0.13714 0.02498 0.03717 0.02360 0.10389 0.07143 0.06389 0.02624 0.04406 0.02020 0.05047 0.04784 0.06334 0.05685 0.06172 0.00618 0.03488
0.15597 0.08061 0.02316 0.03723 0.02114 0.09301 0.01562 0.04031 0.03951 0.05263 0.02209 0.03230 0.02262 0.03010 0.02951 0.13679 0.06549 0.07995 0.00508 0.01687
0.10077 0.01520 0.02499 0.04408 0.04872 0.02720 0.02007 0.10840 0.04738 0.12127 0.03692 0.03156 0.02762 0.03590 0.03536 0.08840 0.05969 0.09069 0.00819 0.02761
0.07378 0.00792 0.07965 0.09030 0.01660 0.03346 0.02647 0.02958 0.08810 0.07333 0.01973 0.08980 0.02217 0.06212 0.06151 0.09463 0.05817 0.04964 0.00476 0.01828
0.09990 0.01140 0.03963 0.06862 0.05140 0.03119 0.02376 0.04769 0.09736 0.06518 0.02731 0.04345 0.05960 0.05075 0.04760 0.07291 0.05988 0.07344 0.00634 0.02258
0.09676 0.00948 0.05722 0.08087 0.02096 0.03989 0.02571 0.03812 0.08253 0.05467 0.02364 0.04905 0.02161 0.05819 0.08080 0.09377 0.05963 0.05098 0.02956 0.02654
0.09306 0.00900 0.05040 0.13548 0.05224 0.03202 0.05644 0.03616 0.08061 0.05225 0.02235 0.04945 0.02123 0.05687 0.05205 0.06778 0.05703 0.04834 0.00562 0.02161
0.07515 0.03652 0.04109 0.07218 0.02315 0.03124 0.02456 0.04313 0.10437 0.06880 0.02554 0.04513 0.05091 0.05390 0.06433 0.06713 0.08884 0.05656 0.00600 0.02149
0.07623 0.04670 0.02386 0.04240 0.06269 0.02683 0.02028 0.07420 0.04604 0.10884 0.03855 0.03087 0.01843 0.06187 0.03501 0.05578 0.08724 0.09963 0.00868 0.03586
0.06658 0.01444 0.02141 0.03937 0.03877 0.02658 0.01529 0.05392 0.04005 0.10765 0.19382 0.06800 0.01915 0.03675 0.02998 0.05010 0.04459 0.08635 0.00619 0.04098
0.09692 0.01646 0.04606 0.06855 0.02790 0.03472 0.02720 0.03372 0.09633 0.10639 0.01699 0.04018 0.03389 0.06891 0.05886 0.06910 0.07404 0.06281 0.00591 0.01507
0.06991 0.00872 0.04243 0.08531 0.01509 0.02905 0.03676 0.05066 0.08210 0.09687 0.01972 0.04554 0.04205 0.06798 0.07664 0.08113 0.06166 0.04485 0.00374 0.03979
0.09019 0.00518 0.07760 0.09646 0.02199 0.06163 0.02142 0.04347 0.08885 0.04158 0.01861 0.07734 0.03602 0.06132 0.05574 0.07754 0.05807 0.04343 0.00855 0.01504
0.09339 0.00863 0.06306 0.08182 0.02737 0.03168 0.02446 0.03743 0.08135 0.07104 0.02957 0.04684 0.04377 0.05492 0.05518 0.07166 0.08750 0.06776 0.00648 0.01608
0.07831 0.01392 0.06188 0.08464 0.01935 0.04067 0.03835 0.03594 0.09399 0.08117 0.01658 0.05618 0.02312 0.06104 0.06192 0.06601 0.05413 0.07204 0.00586 0.03490
0.08295 0.01626 0.04866 0.07279 0.02099 0.03077 0.04563 0.03092 0.09599 0.05329 0.01966 0.05748 0.03498 0.07338 0.05062 0.07300 0.08321 0.06227 0.02053 0.02665
0.06534 0.00850 0.06714 0.12067 0.02443 0.05450 0.02611 0.02379 0.09780 0.05520 0.01449 0.06177 0.02542 0.05948 0.07034 0.07006 0.07355 0.05268 0.00515 0.02357
0.06810 0.00759 0.06416 0.09727 0.01144 0.03765 0.02239 0.02381 0.07951 0.08535 0.01293 0.05175 0.03158 0.11100 0.05803 0.09920 0.06015 0.05643 0.00318 0.01848
0.08034 0.01009 0.04773 0.08505 0.01450 0.02598 0.04152 0.05649 0.09724 0.07584 0.02313 0.05642 0.03086 0.05267 0.07080 0.09284 0.05355 0.05283 0.00628 0.02584
0.07071 0.00946 0.06585 0.07182 0.02653 0.04996 0.03535 0.04318 0.09755 0.07906 0.02747 0.04136 0.02628 0.05411 0.05584 0.07489 0.08823 0.04660 0.00376 0.03199
0.06425 0.02147 0.05445 0.06606 0.02800 0.05009 0.02279 0.05829 0.07504 0.06277 0.01893 0.05104 0.01829 0.06795 0.10431 0.09605 0.04988 0.05843 0.00744 0.02446
0.06985 0.00646 0.09185 0.09335 0.01321 0.05549 0.02891 0.02489 0.10961 0.04425 0.01733 0.05555 0.04227 0.06587 0.05963 0.08674 0.07688 0.03535 0.00467 0.01784
0.07569 0.01672 0.04809 0.11287 0.02333 0.05372 0.04787 0.03729 0.09080 0.04896 0.01822 0.04924 0.03064 0.08559 0.04841 0.07486 0.05428 0.05189 0.00525 0.02626
0.07407 0.01726 0.04497 0.06739 0.02460 0.04351 0.02614 0.04020 0.06949 0.10358 0.02291 0.04393 0.03044 0.08016 0.05520 0.11214 0.06988 0.05327 0.00598 0.01487
0.07999 0.02312 0.05141 0.08541 0.01470 0.03433 0.02662 0.02319 0.10125 0.06183 0.01512 0.05362 0.05249 0.06215 0.08232 0.08567 0.06050 0.05582 0.00500 0.02545
0.06864 0.00667 0.04966 0.09396 0.01214 0.03250 0.02456 0.03318 0.10075 0.06654 0.01483 0.05703 0.03611 0.08134 0.09383 0.09405 0.06485 0.03255 0.00473 0.03209
0.06740 0.01070 0.03446 0.06358 0.02888 0.03291 0.02568 0.06298 0.07381 0.10171 0.03393 0.04307 0.05876 0.04832 0.05598 0.08525 0.07623 0.07395 0.00450 0.01790
0.06896 0.01333 0.04505 0.06927 0.01517 0.04123 0.02173 0.04529 0.08474 0.12229 0.02312 0.04103 0.04346 0.07259 0.04460 0.06271 0.09084 0.06349 0.00686 0.02425
0.06617 0.02399 0.04539 0.07830 0.02611 0.06705 0.02285 0.06637 0.07050 0.07145 0.04155 0.04110 0.02100 0.05343 0.07043 0.07634 0.06544 0.06851 0.00422 0.01980
0.09671 0.00680 0.06143 0.07865 0.01687 0.05115 0.02220 0.03028 0.08346 0.05718 0.01737 0.04149 0.03511 0.07111 0.08572 0.08296 0.09117 0.04642 0.00328 0.02064
0.08422 0.00764 0.05876 0.07396 0.02134 0.04883 0.02650 0.04844 0.09020 0.04602 0.04325 0.05132 0.05063 0.07488 0.06104 0.08821 0.05006 0.05237 0.00501 0.01733
0.08863 0.01262 0.04627 0.09614 0.01267 0.04127 0.03006 0.03092 0.08501 0.04363 0.01727 0.04306 0.05944 0.06599 0.07786 0.08286 0.06797 0.06612 0.00526 0.02696
0.07392 0.02159 0.05915 0.08477 0.01859 0.06417 0.02054 0.04001 0.11588 0.03890 0.01513 0.06292 0.02569 0.05688 0.05669 0.10181 0.06787 0.05090 0.00982 0.01478
0.06324 0.01014 0.07364 0.08021 0.02108 0.06128 0.02525 0.02851 0.13812 0.06009 0.01514 0.06523 0.02355 0.06133 0.05984 0.06404 0.10108 0.03118 0.00310 0.01397
0.08628 0.01141 0.06239 0.08477 0.01182 0.03970 0.03206 0.03889 0.11402 0.03924 0.01535 0.05151 0.03706 0.07847 0.07128 0.09376 0.08468 0.03224 0.00298 0.01209
0.08159 0.01253 0.03781 0.09560 0.04226 0.05246 0.02027 0.04517 0.06428 0.09187 0.02184 0.03858 0.02839 0.05502 0.05855 0.10987 0.07106 0.04325 0.00401 0.02560
0.07169 0.02089 0.03212 0.05269 0.05563 0.04565 0.03444 0.05951 0.05011 0.10424 0.05029 0.03331 0.06716 0.03479 0.03829 0.06938 0.05039 0.10039 0.01043 0.01860
0.07010 0.00613 0.05640 0.08290 0.01451 0.04258 0.03359 0.02832 0.10017 0.04600 0.03067 0.05270 0.03447 0.05949 0.13401 0.08111 0.06593 0.03059 0.00340 0.02692
0.08222 0.01041 0.06963 0.08045 0.02854 0.03006 0.02026 0.04872 0.07988 0.07462 0.01593 0.06054 0.03209 0.05222 0.07350 0.08964 0.07705 0.04475 0.00326 0.02624
0.07578 0.00454 0.05035 0.10938 0.01241 0.04330 0.03013 0.03328 0.11822 0.06761 0.01571 0.04769 0.02811 0.05852 0.05850 0.11608 0.05956 0.04737 0.00290 0.02057
0.07011 0.02404 0.05360 0.10650 0.05062 0.03453 0.02127 0.02592 0.09445 0.04798 0.03372 0.04403 0.04543 0.05284 0.06501 0.09051 0.08174 0.03930 0.00321 0.01520
0.07712 0.00647 0.06870 0.09793 0.04418 0.02734 0.05722 0.02216 0.08281 0.03498 0.01291 0.08807 0.03485 0.07093 0.07982 0.08031 0.06322 0.03316 0.00284 0.01499
0.07284 0.00464 0.08492 0.09870 0.01678 0.04710 0.03169 0.04746 0.08114 0.05325 0.01918 0.06929 0.05400 0.06100 0.05426 0.06864 0.05075 0.06454 0.00296 0.01685
0.07280 0.00795 0.08189 0.14117 0.01558 0.04151 0.02388 0.03061 0.09845 0.04333 0.01667 0.05998 0.02325 0.07483 0.07338 0.09122 0.05593 0.03013 0.00440 0.01304
0.07666 0.01336 0.06965 0.07855 0.02142 0.03242 0.03649 0.03172 0.07825 0.07961 0.01914 0.06619 0.02652 0.05839 0.04803 0.09568 0.06528 0.04017 0.01904 0.04344
0.06815 0.04255 0.05983 0.07891 0.02438 0.04040 0.02501 0.04452 0.09068 0.06919 0.03200 0.03659 0.01945 0.05878 0.07324 0.09557 0.05692 0.06671 0.00358 0.01355
0.05927 0.01035 0.05186 0.09806 0.01711 0.02900 0.04130 0.03268 0.07637 0.11795 0.03981 0.06805 0.02999 0.04951 0.07024 0.05731 0.06460 0.06211 0.00506 0.01935
0.06270 0.00888 0.08124 0.10144 0.02003 0.04547 0.02470 0.05124 0.10480 0.06893 0.01693 0.04694 0.02021 0.06212 0.05333 0.07868 0.07059 0.05976 0.00631 0.01571
0.06961 0.00462 0.08752 0.10666 0.01657 0.03051 0.02740 0.04252 0.08842 0.04252 0.03405 0.06678 0.04758 0.05957 0.06052 0.08741 0.05783 0.03879 0.00441 0.02671
0.07137 0.00628 0.06838 0.10377 0.01430 0.04435 0.02587 0.03378 0.08266 0.06474 0.01451 0.06647 0.02915 0.07208 0.06888 0.07901 0.07659 0.05058 0.00295 0.02427
0.06230 0.00662 0.05567 0.12096 0.02917 0.06625 0.02219 0.02116 0.11193 0.07025 0.01655 0.05638 0.03098 0.05589 0.07033 0.11090 0.05042 0.02740 0.00290 0.01177
0.10656 0.00782 0.05614 0.10668 0.01999 0.02872 0.02430 0.01675 0.10506 0.04763 0.01855 0.04414 0.03362 0.08665 0.07135 0.12634 0.04774 0.03562 0.00289 0.01343
0.09128 0.02766 0.07427 0.11684 0.02660 0.03314 0.02210 0.02048 0.08194 0.04784 0.02294 0.05175 0.03967 0.05929 0.07613 0.09023 0.04608 0.04371 0.00303 0.02502
0.07163 0.00436 0.05033 0.10940 0.00843 0.03415 0.02819 0.01575 0.13206 0.03543 0.02077 0.06178 0.02838 0.06758 0.06904 0.14612 0.04826 0.04361 0.00282 0.02192
0.07874 0.00630 0.05403 0.12236 0.01810 0.02721 0.02342 0.03239 0.11322 0.07282 0.03520 0.04757 0.01753 0.06875 0.06219 0.10723 0.05294 0.03705 0.00302 0.01992
0.09616 0.00438 0.06801 0.10045 0.01377 0.02756 0.04691 0.01909 0.10112 0.07341 0.01575 0.06795 0.03081 0.06783 0.07262 0.09124 0.05521 0.02553 0.00283 0.01936
0.08456 0.00489 0.06173 0.07811 0.04991 0.04358 0.02321 0.02860 0.07813 0.04663 0.01593 0.05176 0.02605 0.07573 0.06242 0.13582 0.06658 0.04665 0.00444 0.01527
0.07040 0.00447 0.04828 0.17121 0.01740 0.02964 0.02289 0.02173 0.08305 0.05920 0.01723 0.05669 0.04018 0.09253 0.05710 0.08607 0.07469 0.02926 0.00288 0.01512
0.08331 0.00645 0.04879 0.14191 0.02035 0.03553 0.04084 0.02313 0.09878 0.05623 0.02762 0.04976 0.02226 0.05940 0.07503 0.07744 0.05215 0.06040 0.00299 0.01763
0.07595 0.01348 0.04517 0.10969 0.03242 0.06240 0.02231 0.01840 0.10074 0.06691 0.01890 0.04332 0.05414 0.05534 0.06659 0.09095 0.06437 0.03987 0.00472 0.01434
0.11006 0.00821 0.09852 0.09225 0.01576 0.05457 0.02025 0.01813 0.07993 0.04370 0.01369 0.04730 0.04630 0.05926 0.08942 0.08795 0.06666 0.02794 0.00630 0.01379
0.06085 0.00628 0.06642 0.09696 0.02680 0.07170 0.02484 0.02379 0.08003 0.06808 0.02190 0.06565 0.02164 0.07544 0.05328 0.09036 0.06572 0.04832 0.00304 0.02889
0.08692 0.02653 0.05435 0.08008 0.02425 0.04058 0.02621 0.03761 0.06849 0.08328 0.01716 0.03565 0.04541 0.05252 0.08599 0.07693 0.05744 0.04732 0.01924 0.03405
0.08888 0.00605 0.05407 0.15104 0.01223 0.03124 0.03998 0.02664 0.08983 0.03315 0.01155 0.06529 0.03471 0.06637 0.06617 0.07530 0.05390 0.07064 0.00286 0.02011
0.06404 0.00988 0.06642 0.08296 0.00944 0.03115 0.04464 0.04762 0.09079 0.04457 0.01843 0.04831 0.03340 0.11106 0.06515 0.09015 0.05406 0.05433 0.00646 0.02714
0.08184 0.00510 0.05388 0.08835 0.01403 0.04774 0.02406 0.04112 0.06902 0.05545 0.01459 0.04511 0.02470 0.08925 0.08562 0.09888 0.05555 0.04428 0.01728 0.04416
0.07753 0.01087 0.06447 0.11574 0.01938 0.03906 0.02990 0.01437 0.08538 0.04001 0.01149 0.05510 0.03302 0.09832 0.10640 0.08133 0.05537 0.03115 0.01434 0.01679
0.09247 0.00530 0.07167 0.07492 0.03084 0.03813 0.03946 0.04207 0.07105 0.07825 0.01808 0.05756 0.03125 0.06262 0.06978 0.07622 0.06869 0.04290 0.01182 0.01692
0.07022 0.01129 0.06805 0.15233 0.02273 0.03312 0.03680 0.02648 0.09351 0.07592 0.01193 0.04707 0.03241 0.05483 0.06702 0.08929 0.05313 0.02493 0.00454 0.02443
0.07934 0.00859 0.05701 0.10881 0.01994 0.07040 0.02261 0.03196 0.07471 0.09783 0.02677 0.04407 0.03715 0.05682 0.05876 0.07235 0.05505 0.04414 0.01300 0.02069
0.06918 0.00722 0.05409 0.10011 0.02581 0.05088 0.02724 0.04358 0.07217 0.07558 0.02105 0.05650 0.04988 0.08443 0.04557 0.09957 0.05984 0.03561 0.00483 0.01686
0.06982 0.00494 0.05017 0.10130 0.02660 0.04984 0.02767 0.02220 0.10637 0.08233 0.03331 0.04479 0.01921 0.06833 0.07422 0.09271 0.04571 0.05812 0.00311 0.01924
0.07383 0.00607 0.06410 0.10017 0.01739 0.04007 0.03390 0.02111 0.13215 0.06031 0.01161 0.06179 0.02860 0.07022 0.07165 0.09788 0.04598 0.03099 0.00464 0.02754
0.06880 0.00647 0.08317 0.08730 0.02253 0.02854 0.03832 0.04956 0.07630 0.07213 0.03183 0.04824 0.02024 0.07035 0.09858 0.08455 0.04883 0.04279 0.00741 0.01406
0.07575 0.02026 0.08069 0.09517 0.02047 0.02442 0.02877 0.01936 0.09477 0.06150 0.01689 0.05399 0.02265 0.09634 0.06541 0.07593 0.06085 0.03889 0.00860 0.03928
0.08407 0.00752 0.05774 0.10877 0.02331 0.03679 0.03106 0.02357 0.08817 0.05027 0.01689 0.07192 0.04912 0.06957 0.07749 0.06401 0.06581 0.05744 0.00295 0.01354
0.07653 0.00445 0.05141 0.12479 0.01450 0.05523 0.04232 0.02146 0.10173 0.04102 0.01805 0.06219 0.04431 0.07321 0.06624 0.07994 0.05933 0.03185 0.00288 0.02855
0.11291 0.00632 0.04896 0.10812 0.01612 0.03907 0.03256 0.03232 0.11134 0.05006 0.03013 0.07300 0.03806 0.05980 0.05794 0.08506 0.05574 0.02542 0.00509 0.01197
0.09263 0.00616 0.04931 0.08623 0.01838 0.02878 0.01942 0.04934 0.08927 0.07058 0.02321 0.05094 0.05113 0.05565 0.05481 0.09957 0.05897 0.06433 0.00345 0.02783
0.09016 0.00638 0.06862 0.11393 0.02830 0.03436 0.02061 0.01611 0.10514 0.04701 0.01171 0.05883 0.02355 0.08195 0.06126 0.09904 0.07109 0.04313 0.00290 0.01590
0.07605 0.00811 0.04338 0.09307 0.02420 0.03127 0.03166 0.03466 0.10811 0.07135 0.02861 0.04419 0.02730 0.08957 0.06851 0.07471 0.06279 0.04176 0.00328 0.03743
0.07267 0.01979 0.04281 0.11391 0.01872 0.05221 0.02138 0.03972 0.07886 0.05425 0.02227 0.04423 0.03399 0.06553 0.09286 0.08094 0.08323 0.04065 0.00487 0.01712
0.06288 0.00645 0.03945 0.07787 0.03129 0.03656 0.04328 0.05210 0.07583 0.06498 0.02870 0.04863 0.01714 0.04683 0.10485 0.07635 0.08481 0.07056 0.00561 0.02583
0.07101 0.00457 0.05223 0.08434 0.02195 0.04345 0.04422 0.05694 0.10970 0.03427 0.01455 0.05702 0.04875 0.07097 0.09682 0.08667 0.04839 0.02990 0.00294 0.02132
0.06551 0.00856 0.06046 0.12555 0.02121 0.04973 0.03069 0.01793 0.09367 0.06546 0.02034 0.04357 0.03996 0.07497 0.06730 0.06973 0.06032 0.04801 0.00425 0.03279
0.06422 0.02029 0.06881 0.10067 0.02838 0.03395 0.02127 0.05116 0.07461 0.05781 0.02455 0.05785 0.02866 0.05703 0.07842 0.08439 0.05741 0.06148 0.01072 0.01835
0.06787 0.00732 0.05183 0.11956 0.02547 0.03517 0.02898 0.03672 0.08917 0.08880 0.01327 0.06313 0.03149 0.05752 0.04886 0.07072 0.07723 0.06354 0.00322 0.02013
0.06940 0.01224 0.08002 0.12159 0.01058 0.04020 0.04291 0.02795 0.09332 0.04477 0.01322 0.07233 0.03846 0.07477 0.07861 0.08058 0.04918 0.03129 0.00438 0.01420
0.07485 0.00814 0.04617 0.06181 0.01391 0.03752 0.02040 0.05621 0.06894 0.09538 0.02255 0.04322 0.05613 0.05586 0.08175 0.07807 0.10415 0.05176 0.00895 0.01422
0.06772 0.00586 0.03976 0.09345 0.03374 0.05438 0.02310 0.03406 0.07863 0.08903 0.02390 0.03778 0.03405 0.06508 0.08003 0.07674 0.09084 0.04518 0.00512 0.02157
0.06746 0.00447 0.05469 0.10338 0.01986 0.04495 0.04818 0.02907 0.09398 0.03283 0.01366 0.05079 0.05908 0.09392 0.06896 0.09563 0.06286 0.03539 0.00289 0.01793
