1707
1
0 1.0
20
0.07879 0.01516 0.05352 0.06683 0.03971 0.06951 0.02292 0.05901 0.05944 0.09637 0.02377 0.04144 0.04829 0.03956 0.05410 0.06834 0.05407 0.06734 0.01141 0.03041
0.07509 0.00506 0.07270 0.11012 0.00981 0.02920 0.02373 0.01650 0.08360 0.02770 0.01312 0.10633 0.01939 0.07128 0.17092 0.06372 0.05967 0.02538 0.00328 0.01339
0.02062 0.00614 0.00311 0.00537 0.03141 0.00495 0.00344 0.19506 0.00617 0.53094 0.04055 0.00431 0.00468 0.00647 0.00614 0.00894 0.01657 0.09279 0.00334 0.00900
0.06384 0.09222 0.01911 0.03397 0.03136 0.02261 0.01653 0.06104 0.03777 0.09548 0.03155 0.02516 0.01531 0.03330 0.05450 0.10994 0.05018 0.17531 0.00710 0.02372
0.06155 0.01129 0.02477 0.04349 0.03215 0.02299 0.01770 0.17594 0.04659 0.09054 0.02816 0.02933 0.01570 0.11187 0.03323 0.11084 0.04869 0.06727 0.00628 0.02162
0.06881 0.00516 0.05925 0.18991 0.01007 0.03352 0.02375 0.01697 0.09385 0.02826 0.01336 0.04977 0.07554 0.11530 0.05063 0.06409 0.04893 0.03597 0.00332 0.01356
0.05878 0.00555 0.16568 0.10789 0.01137 0.02838 0.02209 0.01978 0.07364 0.03097 0.08985 0.05702 0.01847 0.05281 0.04513 0.05962 0.10710 0.02870 0.00345 0.01372
0.10857 0.01150 0.02453 0.04321 0.02709 0.03327 0.01787 0.05157 0.04730 0.06794 0.02768 0.02947 0.01594 0.03421 0.09561 0.04939 0.04940 0.16065 0.00635 0.09845
0.05504 0.00496 0.08802 0.08062 0.00925 0.17135 0.02052 0.01572 0.06734 0.02539 0.01164 0.04665 0.01778 0.13682 0.04090 0.05663 0.11280 0.02381 0.00291 0.01184
0.05223 0.01129 0.01556 0.02747 0.02873 0.01775 0.01319 0.27876 0.03143 0.11185 0.03060 0.02012 0.01660 0.11222 0.02435 0.03626 0.04129 0.10513 0.00584 0.01935
0.11013 0.00553 0.08191 0.12177 0.01112 0.09756 0.02299 0.01912 0.07877 0.08597 0.01418 0.05158 0.03689 0.05778 0.04831 0.06232 0.04837 0.02828 0.00348 0.01394
0.06967 0.00490 0.07012 0.20284 0.00942 0.03112 0.02204 0.01586 0.07478 0.02623 0.01229 0.04793 0.09363 0.05360 0.04530 0.12031 0.06007 0.02427 0.00306 0.01255
0.02988 0.00561 0.01178 0.02334 0.01825 0.01361 0.01249 0.03448 0.05893 0.35301 0.01957 0.01718 0.00942 0.02631 0.26556 0.02430 0.02420 0.03546 0.00386 0.01277
0.05298 0.00822 0.03190 0.24621 0.02376 0.02225 0.01791 0.12282 0.05095 0.05324 0.02077 0.03208 0.01485 0.03631 0.03450 0.04592 0.04187 0.05047 0.00546 0.08754
0.10404 0.00579 0.05872 0.10344 0.01176 0.02802 0.02309 0.02040 0.08858 0.04035 0.01490 0.04656 0.01893 0.08558 0.07188 0.06266 0.10375 0.09352 0.00364 0.01440
0.05846 0.08643 0.09821 0.03515 0.03074 0.02115 0.01618 0.05611 0.03724 0.21764 0.02902 0.02504 0.01442 0.02833 0.02778 0.04373 0.04616 0.06837 0.00681 0.05302
0.17746 0.00580 0.11902 0.07640 0.01096 0.02829 0.02152 0.01899 0.07291 0.02992 0.01376 0.10299 0.01834 0.05171 0.04494 0.07166 0.07219 0.04646 0.00337 0.01333
0.08237 0.00606 0.04692 0.08710 0.01251 0.02750 0.02269 0.07418 0.08036 0.04769 0.01551 0.08261 0.01859 0.07356 0.15936 0.06425 0.04878 0.03149 0.00377 0.01469
0.05906 0.00569 0.09386 0.09440 0.01172 0.02755 0.02203 0.02046 0.07461 0.15738 0.01452 0.04925 0.01825 0.06076 0.05529 0.14143 0.04673 0.02950 0.00354 0.01396
0.07657 0.00618 0.04249 0.07256 0.01354 0.02658 0.12840 0.02279 0.07396 0.03480 0.01558 0.04298 0.01783 0.11909 0.04688 0.12060 0.04684 0.03210 0.00390 0.05632
0.05152 0.00465 0.19806 0.14668 0.00943 0.02686 0.01984 0.09677 0.06418 0.02578 0.01169 0.04499 0.01686 0.04731 0.03866 0.11768 0.04031 0.02408 0.00289 0.01176
0.03024 0.00503 0.15623 0.03582 0.01692 0.01647 0.00981 0.03353 0.02436 0.48862 0.01688 0.02186 0.00969 0.01958 0.01636 0.02600 0.02271 0.03529 0.00313 0.01144
0.03553 0.00981 0.00495 0.00855 0.10197 0.00909 0.00575 0.21682 0.00981 0.08239 0.02521 0.00789 0.00674 0.00825 0.00904 0.01731 0.04345 0.38144 0.00372 0.01229
0.03872 0.00948 0.00844 0.01506 0.03016 0.01197 0.00876 0.19298 0.01751 0.30272 0.03431 0.01206 0.00886 0.10922 0.01495 0.02389 0.03080 0.10935 0.00504 0.01572
0.13448 0.01030 0.08605 0.03817 0.02385 0.02082 0.01506 0.05753 0.03895 0.20980 0.02518 0.02580 0.01392 0.02907 0.02761 0.04291 0.04334 0.13360 0.00533 0.01824
0.30671 0.00963 0.00653 0.01087 0.01874 0.01134 0.00587 0.19339 0.01207 0.06845 0.02161 0.00950 0.00750 0.00951 0.01014 0.02116 0.02894 0.23415 0.00321 0.01068
0.27247 0.01066 0.01735 0.02792 0.01647 0.04139 0.01155 0.13806 0.02917 0.04156 0.01713 0.02261 0.01489 0.02209 0.02157 0.18921 0.04375 0.04519 0.00390 0.01305
0.03349 0.00444 0.02836 0.03451 0.00506 0.53805 0.01025 0.00834 0.15550 0.01341 0.00559 0.02274 0.01085 0.02280 0.03118 0.03130 0.02296 0.01344 0.00183 0.00591
0.04739 0.00464 0.03954 0.06320 0.00815 0.02400 0.01938 0.01443 0.30984 0.02391 0.01077 0.10856 0.01545 0.04653 0.05595 0.04808 0.12506 0.02147 0.00287 0.01078
0.05671 0.00828 0.02604 0.03631 0.01672 0.31972 0.01272 0.02087 0.03354 0.02957 0.01233 0.02610 0.01438 0.02482 0.02335 0.13826 0.03833 0.03043 0.00390 0.12764
0.05321 0.00454 0.08705 0.24785 0.00906 0.02714 0.02077 0.07668 0.06957 0.02516 0.01162 0.04603 0.01735 0.12650 0.04218 0.05545 0.04186 0.02320 0.00290 0.01188
0.04986 0.01078 0.01527 0.09371 0.02403 0.01665 0.01196 0.21002 0.02831 0.06955 0.02560 0.01905 0.01149 0.02135 0.02129 0.03400 0.12304 0.19194 0.00505 0.01704
0.07425 0.01078 0.02467 0.04331 0.02505 0.04833 0.01729 0.04814 0.10390 0.06342 0.09799 0.02911 0.01546 0.03370 0.03263 0.06672 0.04753 0.19154 0.00591 0.02027
0.05947 0.00524 0.04505 0.07869 0.01031 0.04305 0.02281 0.01767 0.14636 0.08074 0.01354 0.08049 0.01845 0.07080 0.07901 0.13775 0.04730 0.02648 0.00337 0.01342
0.05861 0.01061 0.02405 0.04247 0.02528 0.09471 0.01728 0.10666 0.04751 0.18673 0.02623 0.02857 0.01513 0.08860 0.04804 0.04662 0.04651 0.06017 0.00594 0.02029
0.04947 0.01134 0.01232 0.02143 0.23682 0.01674 0.01357 0.06378 0.02406 0.11126 0.02928 0.10474 0.01158 0.01931 0.01993 0.03372 0.03899 0.14479 0.00757 0.02929
0.07114 0.00683 0.04045 0.18492 0.01373 0.06420 0.02038 0.02484 0.06685 0.03649 0.01614 0.04086 0.02460 0.04743 0.04217 0.05769 0.11734 0.10548 0.00386 0.01460
0.05331 0.07526 0.02024 0.03707 0.10603 0.02064 0.01675 0.04364 0.06516 0.05892 0.02366 0.02595 0.01403 0.03230 0.24183 0.04232 0.04227 0.05435 0.00582 0.02044
0.04920 0.00423 0.24696 0.13999 0.00854 0.02608 0.01927 0.01451 0.06258 0.10172 0.01075 0.05776 0.01633 0.04619 0.03751 0.05142 0.07155 0.02169 0.00268 0.01104
0.11745 0.00420 0.13732 0.12386 0.00815 0.09973 0.02045 0.01356 0.06877 0.02285 0.01076 0.10418 0.04257 0.04983 0.04126 0.05500 0.04504 0.02103 0.00270 0.01126
0.14718 0.00722 0.03745 0.11597 0.01584 0.02532 0.03047 0.09367 0.06625 0.04618 0.01814 0.03942 0.01717 0.05317 0.04849 0.11593 0.05234 0.04955 0.00429 0.01596
0.05410 0.00772 0.09837 0.10357 0.00867 0.02573 0.02170 0.01475 0.15382 0.02506 0.01181 0.04373 0.01728 0.05324 0.22347 0.05620 0.04316 0.02258 0.00302 0.01203
0.05794 0.00934 0.02825 0.07803 0.02184 0.02297 0.01784 0.04051 0.05120 0.11044 0.02279 0.03148 0.01550 0.03673 0.03498 0.21924 0.05633 0.05157 0.07431 0.01871
0.08325 0.00523 0.04512 0.10422 0.01037 0.02719 0.02248 0.01984 0.07871 0.03493 0.01353 0.09431 0.07304 0.11866 0.06892 0.06099 0.06151 0.06101 0.00333 0.01338
0.05067 0.00959 0.02026 0.06853 0.20475 0.01913 0.02497 0.04292 0.03731 0.05868 0.02335 0.10339 0.01317 0.02816 0.02692 0.04029 0.04023 0.06352 0.07097 0.05320
0.06571 0.07337 0.13904 0.06660 0.01934 0.02413 0.01923 0.08799 0.05818 0.07724 0.02109 0.03538 0.01640 0.04176 0.05419 0.07142 0.05970 0.04672 0.00490 0.01759
0.09282 0.00499 0.10621 0.07957 0.00974 0.02724 0.02259 0.01647 0.14753 0.02737 0.01298 0.04613 0.01838 0.09247 0.08435 0.06114 0.05306 0.03214 0.00322 0.06160
0.05019 0.00542 0.04133 0.06460 0.01231 0.02409 0.01919 0.01971 0.09966 0.03022 0.01328 0.10020 0.22000 0.04445 0.04436 0.04951 0.03959 0.02760 0.00352 0.09076
0.05728 0.00650 0.03816 0.06660 0.01472 0.02506 0.04820 0.02505 0.06989 0.03730 0.03517 0.03988 0.08205 0.20010 0.04700 0.05514 0.04553 0.03438 0.00409 0.06791
0.04502 0.00627 0.02468 0.04478 0.01550 0.02024 0.01755 0.02400 0.07046 0.03545 0.01472 0.02919 0.01353 0.03842 0.28086 0.04116 0.15770 0.03168 0.00420 0.08460
0.19611 0.00759 0.03526 0.06171 0.01675 0.02476 0.01989 0.03070 0.11549 0.04376 0.01885 0.03762 0.04405 0.05323 0.04123 0.05738 0.05676 0.05349 0.06909 0.01628
0.08681 0.00910 0.02910 0.11903 0.02085 0.02304 0.01769 0.05123 0.05107 0.22711 0.02226 0.03182 0.01548 0.03690 0.03448 0.10444 0.04538 0.05130 0.00507 0.01785
0.27046 0.01169 0.01505 0.02579 0.02440 0.05802 0.01275 0.04992 0.02810 0.14616 0.02464 0.02066 0.01366 0.02180 0.02199 0.05687 0.04380 0.13051 0.00549 0.01823
0.04386 0.00843 0.02061 0.11929 0.03236 0.01728 0.01490 0.04309 0.03457 0.29760 0.02327 0.02238 0.01173 0.02508 0.02558 0.03462 0.03477 0.05010 0.00666 0.13382
0.04397 0.00349 0.14809 0.11451 0.00686 0.02576 0.01780 0.01133 0.05555 0.01897 0.00870 0.11360 0.01542 0.04258 0.03245 0.05856 0.25316 0.01750 0.00222 0.00947
0.03704 0.00401 0.15743 0.06098 0.01345 0.15045 0.01466 0.01338 0.03792 0.02076 0.00858 0.03549 0.01287 0.03081 0.02264 0.03773 0.02767 0.01896 0.00321 0.29194
0.03678 0.00825 0.00562 0.00785 0.01261 0.01282 0.00383 0.09465 0.00887 0.05083 0.01507 0.00807 0.00702 0.00661 0.00761 0.02176 0.07210 0.61108 0.00196 0.00661
0.05905 0.00890 0.03830 0.05398 0.07283 0.02365 0.05899 0.10345 0.13817 0.08006 0.02205 0.03931 0.01611 0.04000 0.04344 0.05128 0.07803 0.04918 0.00510 0.01813
0.09312 0.07150 0.03218 0.05492 0.01194 0.17567 0.01728 0.02139 0.05784 0.03156 0.01399 0.08314 0.01633 0.03983 0.13373 0.05491 0.04385 0.03100 0.00337 0.01245
0.05796 0.08286 0.01713 0.08712 0.04376 0.02014 0.01512 0.05790 0.03324 0.09102 0.18885 0.02261 0.04367 0.02566 0.02572 0.04171 0.04592 0.07057 0.00670 0.02235
0.08905 0.00602 0.04156 0.08057 0.01255 0.02625 0.02157 0.02217 0.14305 0.08994 0.01535 0.04281 0.01775 0.05428 0.06011 0.13247 0.08784 0.03860 0.00371 0.01436
0.05965 0.00578 0.03852 0.06675 0.01177 0.02481 0.02054 0.05010 0.08040 0.03230 0.01443 0.10874 0.18000 0.04868 0.11355 0.05384 0.04347 0.02965 0.00356 0.01348
0.07270 0.00660 0.06595 0.06940 0.07629 0.02910 0.02922 0.06291 0.06990 0.03770 0.01672 0.04129 0.01751 0.10423 0.09951 0.08496 0.05022 0.04665 0.00399 0.01516
0.06162 0.00560 0.05753 0.10189 0.01145 0.02661 0.02164 0.01994 0.07401 0.10811 0.01430 0.04396 0.05705 0.06134 0.04576 0.18120 0.06188 0.02889 0.00348 0.01372
0.05920 0.00623 0.07395 0.08496 0.01314 0.03834 0.02131 0.07327 0.07158 0.03527 0.01582 0.04231 0.11329 0.05038 0.05288 0.12026 0.04694 0.06243 0.00380 0.01462
0.05526 0.00642 0.06656 0.06428 0.06453 0.02432 0.03213 0.02496 0.07781 0.03730 0.01616 0.03863 0.01640 0.10919 0.04101 0.05311 0.04385 0.03399 0.00471 0.18936
0.06061 0.00574 0.04242 0.08060 0.01164 0.02618 0.02106 0.02045 0.07256 0.03168 0.04198 0.04246 0.03025 0.16819 0.04560 0.20666 0.04544 0.02936 0.00350 0.01362
0.11316 0.01067 0.02334 0.04132 0.02538 0.02176 0.01690 0.04813 0.04457 0.13230 0.02611 0.02788 0.01490 0.03814 0.14405 0.05503 0.04627 0.08891 0.00596 0.07521
0.04998 0.07675 0.00890 0.01597 0.02908 0.01532 0.01072 0.11998 0.01858 0.12621 0.02964 0.09443 0.01070 0.01534 0.01660 0.03052 0.03939 0.26608 0.00603 0.01978
0.09092 0.04639 0.02908 0.05111 0.09400 0.02326 0.01836 0.04066 0.10554 0.08311 0.02307 0.05154 0.01586 0.03824 0.06157 0.06484 0.08657 0.05189 0.00531 0.01869
0.05162 0.01279 0.00888 0.01608 0.20834 0.01626 0.01223 0.17641 0.01915 0.09162 0.03322 0.01491 0.01142 0.04961 0.01775 0.03252 0.04094 0.14460 0.00734 0.03429
0.04660 0.00385 0.04909 0.10316 0.00737 0.02438 0.01883 0.01241 0.17051 0.02100 0.00977 0.21811 0.01552 0.04568 0.04182 0.14341 0.03670 0.01907 0.00250 0.01022
0.05698 0.01005 0.12704 0.04344 0.02417 0.02154 0.01672 0.12115 0.04557 0.17445 0.02562 0.02857 0.01476 0.03330 0.06251 0.04573 0.04517 0.07864 0.00554 0.01908
0.05521 0.01237 0.01390 0.02489 0.05999 0.01848 0.01372 0.18585 0.12695 0.10862 0.03016 0.04445 0.01279 0.02192 0.02263 0.03787 0.04377 0.13782 0.00664 0.02198
0.05331 0.06654 0.02222 0.03842 0.02283 0.02114 0.01575 0.03910 0.07658 0.05267 0.02148 0.02621 0.21540 0.03052 0.03237 0.04331 0.04138 0.04955 0.00537 0.12583
0.04487 0.00397 0.05446 0.23528 0.00826 0.19142 0.01767 0.01349 0.05636 0.02171 0.00980 0.07571 0.01514 0.04185 0.03395 0.04688 0.03488 0.02004 0.00252 0.07175
0.05603 0.01004 0.02340 0.04127 0.02382 0.02111 0.01649 0.10217 0.13918 0.06039 0.02459 0.07843 0.01445 0.03222 0.03167 0.04474 0.04447 0.18213 0.00561 0.04778
0.05476 0.01091 0.01649 0.02816 0.02636 0.23020 0.01368 0.10719 0.03118 0.06228 0.02474 0.02132 0.04646 0.02342 0.02405 0.04073 0.04179 0.05909 0.11660 0.02060
0.04377 0.00473 0.03387 0.26694 0.00983 0.02117 0.01833 0.01790 0.07517 0.13987 0.01218 0.03436 0.01416 0.04332 0.14668 0.04347 0.03522 0.02451 0.00311 0.01143
0.02131 0.00580 0.00562 0.00851 0.26057 0.00842 0.01588 0.02704 0.01005 0.09238 0.01459 0.01012 0.09020 0.00994 0.00973 0.01636 0.01704 0.03067 0.01322 0.33255
0.04755 0.01202 0.00752 0.01364 0.21393 0.07426 0.01043 0.18637 0.01630 0.12464 0.03184 0.01290 0.01027 0.01406 0.01541 0.02886 0.03762 0.11520 0.00634 0.02083
0.06374 0.01408 0.03668 0.06409 0.01467 0.02478 0.01998 0.02661 0.15380 0.03880 0.01698 0.04845 0.01672 0.07251 0.04210 0.10463 0.05068 0.17158 0.00404 0.01508
0.17371 0.01102 0.01620 0.02756 0.23361 0.08473 0.01288 0.04322 0.02953 0.05647 0.03102 0.02144 0.01367 0.02270 0.02249 0.07885 0.04286 0.05503 0.00525 0.01776
0.05082 0.00907 0.02301 0.09483 0.02047 0.01951 0.01429 0.15850 0.03931 0.05693 0.02189 0.02521 0.21231 0.02855 0.02748 0.04018 0.03975 0.09716 0.00465 0.01610
0.39803 0.01023 0.01277 0.01978 0.01530 0.04515 0.00918 0.17505 0.02102 0.03864 0.01567 0.01799 0.01313 0.01638 0.01656 0.07690 0.03923 0.04392 0.00352 0.01155
0.04117 0.00972 0.00962 0.01697 0.14174 0.01361 0.01108 0.05815 0.01933 0.30302 0.04796 0.13284 0.00974 0.01599 0.01648 0.02740 0.03272 0.06206 0.00653 0.02386
0.05142 0.00613 0.03343 0.04780 0.00814 0.13756 0.01374 0.01425 0.04605 0.02153 0.00957 0.03070 0.01435 0.16480 0.03069 0.04781 0.28843 0.02228 0.00240 0.00891
0.05739 0.01027 0.02385 0.04202 0.02428 0.11431 0.02034 0.13363 0.04426 0.10496 0.02512 0.05594 0.01475 0.03258 0.04408 0.04588 0.11905 0.06188 0.00573 0.01967
0.05794 0.00693 0.04913 0.06457 0.01514 0.02483 0.02008 0.11401 0.07319 0.06592 0.01742 0.07606 0.06340 0.04611 0.04137 0.12875 0.07848 0.03716 0.00412 0.01540
0.08733 0.00736 0.02742 0.04740 0.01377 0.23389 0.01635 0.02559 0.05638 0.03642 0.07523 0.03068 0.01485 0.03634 0.15025 0.04830 0.04070 0.03484 0.00371 0.01320
0.06315 0.01075 0.02949 0.05071 0.06774 0.03655 0.01986 0.05014 0.05477 0.14065 0.02781 0.03333 0.01684 0.16459 0.03843 0.05214 0.04992 0.06129 0.00675 0.02509
0.05770 0.00528 0.11410 0.08870 0.00951 0.03214 0.02121 0.01609 0.06639 0.02577 0.01167 0.20352 0.01905 0.05021 0.03969 0.07372 0.12572 0.02453 0.00293 0.01208
0.13153 0.00573 0.05379 0.22802 0.01090 0.02988 0.02306 0.01917 0.08365 0.03054 0.01378 0.04835 0.01911 0.05512 0.09485 0.06053 0.04673 0.02814 0.00350 0.01362
0.13298 0.00630 0.04807 0.07794 0.01139 0.03010 0.02306 0.02015 0.21629 0.03186 0.01441 0.08611 0.01931 0.05507 0.05669 0.06224 0.06076 0.02969 0.00364 0.01393
0.05067 0.00408 0.07833 0.25722 0.00802 0.11892 0.02097 0.01327 0.06487 0.02213 0.00996 0.10238 0.01833 0.06485 0.03836 0.05471 0.03899 0.02035 0.00258 0.01100
0.06298 0.00721 0.07113 0.04393 0.01208 0.02419 0.01289 0.02702 0.03662 0.03206 0.01315 0.02847 0.31600 0.02771 0.02404 0.04457 0.03633 0.16574 0.00301 0.01087
0.10582 0.30217 0.00771 0.01152 0.01424 0.10825 0.00697 0.03404 0.01320 0.03647 0.01450 0.01408 0.01243 0.01105 0.01188 0.04440 0.03786 0.20018 0.00316 0.01007
0.03787 0.00314 0.17340 0.33469 0.00635 0.02405 0.01555 0.01146 0.04567 0.01742 0.00764 0.04089 0.01383 0.03650 0.02626 0.04079 0.02900 0.12519 0.00194 0.00835
0.10369 0.00972 0.00563 0.01005 0.15217 0.01069 0.00754 0.31818 0.01189 0.13799 0.03021 0.00940 0.00784 0.01048 0.01129 0.02086 0.02924 0.09215 0.00492 0.01606
0.08147 0.01210 0.00773 0.01404 0.16304 0.01514 0.01165 0.07672 0.01696 0.09641 0.21538 0.01355 0.01070 0.01486 0.01624 0.03015 0.03822 0.07298 0.06699 0.02567
0.08359 0.01169 0.00980 0.01717 0.02659 0.01617 0.01054 0.07536 0.01971 0.18519 0.02718 0.02746 0.01082 0.01586 0.01698 0.03183 0.05416 0.33600 0.00557 0.01831
0.04722 0.01109 0.01051 0.01894 0.21191 0.01538 0.01156 0.11164 0.13179 0.10918 0.09140 0.01553 0.01090 0.01775 0.01878 0.03115 0.03754 0.07087 0.00626 0.02058
0.04331 0.00389 0.04837 0.34627 0.00797 0.02339 0.01789 0.01359 0.06392 0.05697 0.00991 0.03934 0.01469 0.15713 0.04144 0.04517 0.03413 0.01981 0.00256 0.01024
0.12991 0.02096 0.05787 0.04360 0.01826 0.19865 0.01558 0.03466 0.04414 0.15296 0.01942 0.02894 0.01497 0.03231 0.02997 0.04876 0.04350 0.04542 0.00447 0.01565
0.03972 0.00958 0.00918 0.01635 0.02286 0.01212 0.00868 0.24643 0.17455 0.14100 0.02519 0.01274 0.00868 0.01455 0.01605 0.02423 0.03137 0.16822 0.00432 0.01420
0.04873 0.00569 0.15274 0.06039 0.01229 0.02364 0.01678 0.03268 0.05250 0.06685 0.01367 0.03597 0.27542 0.03827 0.03303 0.04670 0.03753 0.03141 0.00323 0.01247
0.04407 0.00581 0.03075 0.04185 0.01337 0.31029 0.01296 0.01583 0.03829 0.02360 0.00992 0.23268 0.01265 0.02698 0.02588 0.04039 0.03136 0.02294 0.04656 0.01382
0.03021 0.00252 0.11364 0.06654 0.00395 0.40301 0.01179 0.00609 0.02895 0.01022 0.00432 0.19334 0.01195 0.02674 0.01537 0.03316 0.02133 0.01014 0.00120 0.00555
0.03492 0.00362 0.05283 0.05472 0.00598 0.02196 0.01294 0.00962 0.04283 0.01557 0.00665 0.03230 0.36908 0.22365 0.02824 0.03556 0.02554 0.01469 0.00188 0.00741
0.08750 0.01109 0.01350 0.02317 0.02596 0.13325 0.01202 0.05351 0.02594 0.13101 0.24519 0.01852 0.01234 0.02006 0.02081 0.03799 0.04029 0.06408 0.00554 0.01824
0.08102 0.00583 0.35629 0.04885 0.01126 0.02115 0.01252 0.16541 0.03506 0.03333 0.01250 0.02953 0.01230 0.02739 0.02199 0.03743 0.03102 0.04447 0.00265 0.00999
0.05651 0.15505 0.01803 0.03196 0.12638 0.02036 0.01505 0.05159 0.03558 0.06741 0.02716 0.05301 0.01375 0.02652 0.10480 0.04743 0.04440 0.07754 0.00624 0.02121
0.03496 0.00375 0.18567 0.05818 0.01360 0.02098 0.01497 0.01349 0.04299 0.02152 0.00882 0.03391 0.01236 0.07319 0.02716 0.03592 0.02693 0.01869 0.33769 0.01519
0.14709 0.00542 0.04272 0.07423 0.01100 0.05637 0.02152 0.01908 0.07919 0.03019 0.01392 0.05783 0.04304 0.09965 0.06206 0.06168 0.04591 0.02787 0.00340 0.09782
0.04986 0.00428 0.20273 0.10919 0.00858 0.06172 0.01941 0.11616 0.06424 0.02370 0.01094 0.04589 0.01629 0.10145 0.03873 0.05193 0.03918 0.02185 0.00272 0.01116
0.13184 0.01068 0.01318 0.02303 0.02387 0.01620 0.01125 0.12862 0.02505 0.07275 0.02496 0.12744 0.01103 0.01923 0.01943 0.03277 0.03788 0.24881 0.00505 0.01693
0.05663 0.00515 0.04212 0.07377 0.01024 0.03303 0.02160 0.01770 0.17643 0.02859 0.01326 0.04319 0.01748 0.05620 0.08462 0.15434 0.09699 0.02618 0.00329 0.03917
0.05307 0.00967 0.02040 0.03425 0.13764 0.02080 0.04836 0.04042 0.03626 0.05442 0.02191 0.02421 0.01341 0.02686 0.02634 0.06879 0.28269 0.05097 0.00607 0.02347
0.14310 0.00675 0.03121 0.04793 0.00872 0.02712 0.01415 0.01521 0.04595 0.02291 0.01035 0.03116 0.23927 0.07111 0.02980 0.17977 0.03945 0.02409 0.00253 0.00942
0.07681 0.00509 0.05152 0.18913 0.10426 0.02557 0.02020 0.01813 0.06798 0.02847 0.01295 0.04244 0.01678 0.15984 0.04189 0.05438 0.04242 0.02628 0.00319 0.01269
0.07171 0.00512 0.06020 0.16443 0.01034 0.02618 0.02132 0.01774 0.07365 0.05456 0.01319 0.04382 0.01751 0.14311 0.04535 0.05768 0.04489 0.02622 0.00324 0.09974
0.04261 0.00899 0.01400 0.02388 0.03283 0.01562 0.26412 0.05433 0.02986 0.21792 0.02697 0.01786 0.01073 0.02089 0.02365 0.03105 0.03346 0.10008 0.00635 0.02479
0.03751 0.00839 0.01102 0.01825 0.02993 0.01321 0.00962 0.06096 0.02241 0.50194 0.04875 0.05592 0.00923 0.01644 0.01842 0.02558 0.02932 0.06121 0.00505 0.01686
0.10865 0.00462 0.10794 0.12455 0.00894 0.02771 0.02220 0.01492 0.17310 0.02523 0.01199 0.04730 0.01824 0.10857 0.04707 0.06534 0.04516 0.02313 0.00300 0.01237
0.06367 0.04718 0.06411 0.07650 0.10883 0.02552 0.02057 0.03957 0.09118 0.05585 0.01964 0.04397 0.01732 0.05093 0.08510 0.05607 0.05715 0.05530 0.00461 0.01694
0.07690 0.00884 0.02588 0.03950 0.01480 0.07526 0.01356 0.02426 0.03834 0.03374 0.01432 0.02783 0.01532 0.02815 0.02625 0.30086 0.04214 0.03470 0.00365 0.15568
0.06047 0.00877 0.03279 0.07061 0.02002 0.02454 0.01962 0.03719 0.08410 0.15760 0.02950 0.03585 0.01671 0.04853 0.04863 0.14702 0.04799 0.05872 0.00506 0.04629
0.06333 0.00498 0.08635 0.11703 0.00963 0.02803 0.02768 0.01616 0.16948 0.02720 0.01299 0.05433 0.01890 0.05727 0.09021 0.11096 0.04816 0.02496 0.01916 0.01319
0.05730 0.01180 0.12283 0.03257 0.06130 0.02011 0.01521 0.14733 0.03495 0.14967 0.02994 0.02344 0.04530 0.02677 0.02635 0.04185 0.04542 0.07975 0.00645 0.02164
0.05381 0.01043 0.01968 0.03504 0.02568 0.01955 0.01507 0.06998 0.14940 0.24888 0.02722 0.02421 0.01350 0.02858 0.02983 0.04078 0.07548 0.08827 0.00565 0.01898
0.06011 0.00504 0.07101 0.08106 0.00979 0.02774 0.02757 0.01653 0.13250 0.02762 0.01311 0.04702 0.01871 0.08619 0.10961 0.15030 0.04775 0.05185 0.00326 0.01322
0.05878 0.00484 0.06703 0.11818 0.00931 0.02748 0.02288 0.01567 0.12474 0.02651 0.01261 0.04676 0.01848 0.08835 0.14559 0.06104 0.11155 0.02418 0.00317 0.01285
0.04750 0.01147 0.01033 0.05577 0.18313 0.01591 0.01475 0.18314 0.02075 0.07748 0.02869 0.01616 0.01114 0.01747 0.01832 0.03195 0.03771 0.06816 0.00940 0.14077
0.05353 0.01076 0.00649 0.01164 0.20535 0.01232 0.00870 0.08437 0.01380 0.22189 0.03358 0.01085 0.00895 0.01214 0.01308 0.02414 0.03854 0.20624 0.00559 0.01803
0.04283 0.00894 0.01460 0.02398 0.03698 0.01626 0.01371 0.04719 0.02770 0.21353 0.02504 0.01827 0.27092 0.02046 0.02183 0.03194 0.03331 0.05327 0.00728 0.07197
0.04594 0.00700 0.02929 0.21135 0.02469 0.02032 0.01702 0.04988 0.04971 0.04716 0.01782 0.02925 0.01340 0.03343 0.03478 0.04072 0.03621 0.03989 0.22877 0.02338
0.03715 0.00450 0.04417 0.50066 0.01016 0.02110 0.01367 0.07178 0.04343 0.03075 0.01089 0.03196 0.01240 0.03075 0.02835 0.03591 0.02818 0.03181 0.00253 0.00985
0.16023 0.00829 0.03458 0.06014 0.03855 0.03508 0.01987 0.03413 0.06119 0.04793 0.02041 0.03709 0.01692 0.13824 0.03986 0.08292 0.04775 0.04484 0.00483 0.06715
0.05505 0.00499 0.06157 0.24726 0.01008 0.02685 0.02114 0.01738 0.10278 0.12941 0.01276 0.04502 0.02891 0.05088 0.04463 0.05642 0.04348 0.02559 0.00316 0.01265
0.04813 0.00456 0.16360 0.06937 0.01086 0.02455 0.01978 0.01565 0.07132 0.02553 0.01139 0.04076 0.01583 0.04651 0.26976 0.04942 0.03810 0.02278 0.00326 0.04883
0.08664 0.20704 0.01393 0.02448 0.03307 0.02307 0.01436 0.09147 0.02792 0.08574 0.07344 0.02090 0.01485 0.02229 0.02348 0.06728 0.05045 0.08878 0.00719 0.02361
0.10610 0.00576 0.06808 0.11635 0.01137 0.03537 0.03447 0.01935 0.09262 0.06050 0.01492 0.05494 0.02056 0.06723 0.11005 0.07055 0.06407 0.02918 0.00368 0.01484
0.06542 0.00505 0.12104 0.09026 0.00986 0.08086 0.03419 0.01655 0.08064 0.02757 0.01293 0.14533 0.01971 0.05769 0.07346 0.06952 0.04799 0.02536 0.00323 0.01333
0.07038 0.01174 0.03980 0.05242 0.01448 0.04915 0.01158 0.06210 0.05247 0.07864 0.09881 0.03416 0.04926 0.02374 0.04167 0.05924 0.03469 0.16187 0.00548 0.04830
0.08375 0.00518 0.06312 0.13744 0.02410 0.05852 0.01692 0.04674 0.09155 0.03659 0.01082 0.04346 0.02770 0.04216 0.05498 0.10924 0.08000 0.03936 0.00213 0.02625
0.08212 0.01316 0.04528 0.07770 0.02210 0.09875 0.02048 0.03873 0.05804 0.14997 0.01542 0.03320 0.01890 0.05012 0.04875 0.07056 0.05807 0.06852 0.00833 0.02178
0.07915 0.00598 0.05947 0.07185 0.01359 0.04570 0.02212 0.01548 0.07237 0.04812 0.01351 0.04290 0.02346 0.05971 0.05088 0.11259 0.15693 0.05997 0.00213 0.04409
0.04988 0.00460 0.18900 0.06431 0.00930 0.04556 0.01857 0.04983 0.06433 0.06691 0.01184 0.07449 0.02685 0.04500 0.05975 0.09897 0.07526 0.03117 0.00289 0.01149
0.12859 0.00457 0.13276 0.09746 0.01691 0.05482 0.04005 0.04062 0.06459 0.04071 0.01178 0.04692 0.05988 0.04516 0.03983 0.06640 0.03962 0.03584 0.00288 0.03062
0.09675 0.00419 0.04498 0.10268 0.00816 0.06905 0.02615 0.02295 0.09253 0.08356 0.01089 0.09986 0.03819 0.06858 0.05873 0.06222 0.03972 0.02886 0.03099 0.01097
0.07428 0.00497 0.06174 0.08385 0.02328 0.17463 0.02139 0.03067 0.09151 0.07022 0.01270 0.04802 0.01498 0.04345 0.05155 0.05404 0.05155 0.05419 0.00307 0.02990
0.06830 0.02921 0.04390 0.07995 0.02504 0.03203 0.05492 0.07082 0.05138 0.07744 0.01663 0.03795 0.06038 0.03668 0.05364 0.08635 0.06661 0.05846 0.00389 0.04641
0.07258 0.00623 0.06399 0.05328 0.04186 0.04954 0.01691 0.05391 0.06686 0.20171 0.01563 0.04468 0.02860 0.05418 0.05134 0.06406 0.05142 0.04596 0.00368 0.01359
0.11923 0.01564 0.05321 0.10296 0.00871 0.07503 0.02280 0.02575 0.09015 0.06169 0.02319 0.03848 0.02608 0.06310 0.07006 0.09214 0.05504 0.04270 0.00280 0.01125
0.04866 0.03389 0.01892 0.03343 0.03376 0.16978 0.01385 0.06465 0.03522 0.08117 0.02216 0.06688 0.04211 0.02976 0.05772 0.06893 0.07550 0.06296 0.02347 0.01718
0.08601 0.02986 0.05937 0.06026 0.01066 0.03945 0.01789 0.03426 0.08205 0.05192 0.01296 0.04164 0.01478 0.05817 0.18600 0.08279 0.05356 0.05720 0.00910 0.01207
0.07062 0.00736 0.05977 0.04419 0.17271 0.05767 0.01541 0.07264 0.05792 0.08143 0.01823 0.05430 0.03918 0.03273 0.03013 0.07119 0.03856 0.04071 0.00421 0.03103
0.10654 0.01569 0.10126 0.06422 0.02064 0.07534 0.03125 0.02623 0.06877 0.03140 0.01166 0.07162 0.06350 0.04491 0.05725 0.08139 0.07863 0.02318 0.01517 0.01136
0.07437 0.00513 0.06122 0.06684 0.02867 0.02179 0.03222 0.01912 0.07298 0.06460 0.02438 0.04188 0.17487 0.04231 0.05459 0.07897 0.07049 0.02693 0.01107 0.02755
0.05878 0.00742 0.05451 0.09259 0.03000 0.02966 0.03899 0.01504 0.08012 0.07255 0.02085 0.07003 0.02706 0.05713 0.05149 0.06930 0.16331 0.04715 0.00280 0.01121
0.07854 0.02528 0.04481 0.08901 0.01117 0.05932 0.03556 0.06097 0.06980 0.02991 0.01336 0.09585 0.01456 0.04142 0.04853 0.04783 0.04891 0.16968 0.00320 0.01227
0.07055 0.00492 0.04917 0.08238 0.03267 0.02188 0.01796 0.05282 0.07236 0.04289 0.01257 0.03584 0.06587 0.04865 0.21922 0.08008 0.03903 0.02564 0.01367 0.01183
0.04940 0.01541 0.06981 0.08570 0.02005 0.02250 0.04294 0.02095 0.17880 0.05429 0.02165 0.06126 0.01519 0.05761 0.06187 0.07154 0.06323 0.05893 0.00276 0.02610
0.09945 0.00572 0.06884 0.08019 0.02506 0.03405 0.01709 0.05413 0.05581 0.05932 0.01442 0.03313 0.16248 0.05656 0.03534 0.07104 0.06076 0.04236 0.01142 0.01285
0.07474 0.01040 0.02279 0.02228 0.03931 0.04877 0.01198 0.07882 0.03718 0.10571 0.03740 0.03141 0.04517 0.03532 0.01974 0.04942 0.04951 0.17585 0.01999 0.08423
0.08865 0.03889 0.04053 0.06090 0.04684 0.07064 0.02845 0.03078 0.04595 0.12297 0.02977 0.05549 0.02920 0.05553 0.03041 0.06686 0.05387 0.06684 0.02273 0.01472
0.07285 0.00429 0.07149 0.06571 0.00847 0.05520 0.03903 0.01441 0.07353 0.04473 0.01111 0.10558 0.02673 0.04581 0.06293 0.07174 0.14557 0.04300 0.02675 0.01105
0.07080 0.01294 0.04589 0.07287 0.01054 0.03617 0.04006 0.02439 0.07572 0.18434 0.01285 0.03561 0.02546 0.07570 0.06554 0.05961 0.07246 0.05121 0.00310 0.02474
0.07161 0.01589 0.06568 0.07915 0.00810 0.03053 0.01887 0.01366 0.08349 0.03322 0.01080 0.05968 0.16969 0.05343 0.04815 0.12434 0.06704 0.03311 0.00267 0.01088
0.04948 0.00457 0.05629 0.07487 0.00925 0.04427 0.01841 0.03113 0.07560 0.05821 0.01177 0.05582 0.04340 0.04459 0.06972 0.21231 0.06053 0.03870 0.01549 0.02560
0.04914 0.01489 0.03269 0.06968 0.01183 0.18186 0.03540 0.05383 0.07876 0.07355 0.01392 0.03402 0.05063 0.05162 0.03624 0.08637 0.08044 0.02923 0.00332 0.01259
0.07697 0.00410 0.08053 0.08199 0.04039 0.03502 0.02667 0.02407 0.11993 0.03746 0.01069 0.05127 0.03287 0.05613 0.13610 0.06278 0.07426 0.03534 0.00265 0.01081
0.09677 0.00454 0.03666 0.08238 0.01877 0.04386 0.01845 0.02363 0.11540 0.09906 0.02285 0.06071 0.03680 0.09609 0.05003 0.06775 0.07103 0.02827 0.00286 0.02410
0.05840 0.02672 0.06092 0.02695 0.06718 0.03341 0.01273 0.10054 0.04109 0.07080 0.02383 0.02709 0.02575 0.02224 0.04258 0.07738 0.03782 0.19219 0.00538 0.04702
0.04786 0.00929 0.02951 0.07706 0.15453 0.06004 0.01327 0.08446 0.05582 0.12944 0.03309 0.03286 0.01190 0.03069 0.02363 0.03649 0.03796 0.09567 0.00514 0.03130
0.07122 0.02061 0.02047 0.06192 0.05028 0.20538 0.01414 0.08013 0.03768 0.07736 0.02083 0.04031 0.04410 0.02779 0.06587 0.03877 0.03817 0.06384 0.00475 0.01638
0.09406 0.02760 0.05291 0.03147 0.03750 0.07072 0.02203 0.06890 0.04374 0.09711 0.14296 0.02991 0.01199 0.03886 0.03714 0.03689 0.04963 0.08429 0.00507 0.01721
0.16400 0.00946 0.01652 0.02928 0.04575 0.10428 0.02705 0.07891 0.08395 0.09511 0.02306 0.02062 0.01178 0.02365 0.02308 0.07156 0.05102 0.07953 0.00522 0.03618
0.04952 0.00436 0.21056 0.07741 0.02352 0.03511 0.01863 0.01484 0.07923 0.08326 0.01129 0.03788 0.04248 0.04546 0.08988 0.06816 0.05110 0.02220 0.00277 0.03232
0.18110 0.01717 0.04274 0.06545 0.01244 0.02111 0.01716 0.04809 0.07789 0.03287 0.01443 0.03328 0.02612 0.04748 0.08608 0.06829 0.08547 0.06484 0.04512 0.01287
0.04780 0.00946 0.02819 0.04234 0.05036 0.02897 0.01308 0.07455 0.03874 0.12192 0.04166 0.03629 0.01178 0.02362 0.08495 0.04443 0.08255 0.19647 0.00522 0.01761
0.06947 0.02207 0.01151 0.02067 0.03880 0.05597 0.01184 0.07386 0.03593 0.09892 0.02943 0.01654 0.04995 0.04280 0.01909 0.06916 0.05132 0.25745 0.00587 0.01935
0.06022 0.00762 0.02448 0.05623 0.09749 0.02921 0.03331 0.03304 0.05457 0.11656 0.01884 0.03889 0.02555 0.06184 0.02964 0.06799 0.06360 0.16125 0.00434 0.01533
0.06230 0.00427 0.06751 0.06658 0.01992 0.06319 0.03009 0.02945 0.08777 0.02346 0.02383 0.19304 0.02602 0.05601 0.06421 0.06700 0.05319 0.02159 0.02950 0.01107
0.10868 0.01738 0.20647 0.05563 0.01270 0.03227 0.01723 0.03765 0.07678 0.06357 0.01468 0.03336 0.04740 0.05901 0.03560 0.04693 0.05150 0.04837 0.02174 0.01305
0.04993 0.02078 0.04854 0.06915 0.02464 0.03286 0.01785 0.05814 0.09410 0.05865 0.01371 0.04461 0.15576 0.05496 0.04346 0.09796 0.05232 0.03558 0.00328 0.02370
0.09624 0.00990 0.02951 0.02770 0.02392 0.01712 0.01298 0.21819 0.03845 0.08880 0.03836 0.01996 0.02480 0.03501 0.04182 0.04256 0.09287 0.09031 0.00544 0.04605
0.07885 0.00410 0.07436 0.08672 0.00792 0.03926 0.03347 0.01325 0.10615 0.03393 0.01071 0.06839 0.01566 0.05802 0.08625 0.05223 0.18385 0.03332 0.00266 0.01090
0.07994 0.01774 0.04331 0.10711 0.01773 0.16333 0.03145 0.02777 0.07473 0.03849 0.01227 0.04884 0.02243 0.04539 0.06651 0.08462 0.04633 0.03771 0.00299 0.03131
0.06166 0.00678 0.03055 0.05349 0.01516 0.02900 0.03119 0.07123 0.05439 0.06806 0.01694 0.03264 0.03799 0.18592 0.10369 0.06933 0.04090 0.05907 0.01751 0.01452
0.07551 0.00951 0.01956 0.03458 0.03609 0.21662 0.01442 0.07487 0.05078 0.09789 0.05967 0.02356 0.03049 0.04370 0.02613 0.06937 0.04029 0.05367 0.00528 0.01800
0.08322 0.02149 0.03512 0.07728 0.01154 0.03375 0.03411 0.02054 0.08276 0.04016 0.03730 0.03630 0.03018 0.04338 0.05109 0.23347 0.06421 0.04805 0.00332 0.01274
0.07458 0.00580 0.04711 0.05891 0.03534 0.06367 0.01801 0.03856 0.07811 0.04934 0.02724 0.19063 0.01499 0.05168 0.04861 0.05585 0.05562 0.04669 0.00349 0.03578
0.06058 0.00415 0.09184 0.06974 0.00801 0.02994 0.01953 0.01340 0.06903 0.02262 0.01082 0.19113 0.02790 0.07971 0.10400 0.10427 0.05881 0.02078 0.00269 0.01103
0.22222 0.00454 0.08738 0.06768 0.00902 0.02343 0.03161 0.02348 0.08329 0.06035 0.01173 0.04916 0.02669 0.07140 0.05263 0.06252 0.05389 0.04451 0.00288 0.01158
0.17519 0.02283 0.01951 0.03446 0.02219 0.01848 0.01426 0.05449 0.06773 0.11060 0.03476 0.02340 0.02486 0.04326 0.04607 0.06823 0.06709 0.06975 0.00517 0.07767
0.05788 0.02094 0.02180 0.06453 0.02060 0.01907 0.01487 0.10380 0.21056 0.06919 0.05425 0.02529 0.01304 0.02947 0.06372 0.04073 0.05714 0.07692 0.00490 0.03131
0.06547 0.14729 0.07312 0.09117 0.01279 0.03030 0.01800 0.03933 0.05907 0.05982 0.01491 0.05018 0.01500 0.05633 0.04864 0.07731 0.05419 0.04745 0.02628 0.01335
0.12755 0.03916 0.02953 0.06549 0.01551 0.03266 0.01695 0.09084 0.05260 0.05683 0.01719 0.05867 0.02485 0.07035 0.04576 0.12482 0.04282 0.05052 0.00402 0.03386
0.10980 0.01848 0.06159 0.05208 0.05111 0.02117 0.02010 0.04376 0.15543 0.03990 0.02572 0.05032 0.02617 0.04932 0.03427 0.06593 0.04048 0.06022 0.01545 0.05868
0.06087 0.02329 0.04859 0.02173 0.05944 0.03306 0.03483 0.11120 0.02425 0.08512 0.03498 0.03975 0.01136 0.01926 0.01982 0.08249 0.06574 0.15590 0.00597 0.06233
0.07477 0.01874 0.03610 0.04076 0.03405 0.05515 0.04042 0.06415 0.04224 0.07171 0.02391 0.02643 0.01328 0.05070 0.04104 0.07464 0.06493 0.04702 0.00475 0.17520
0.06468 0.00935 0.03025 0.04783 0.07300 0.05347 0.01424 0.05861 0.03613 0.16513 0.02287 0.03787 0.01266 0.04426 0.05698 0.03910 0.09100 0.10261 0.02225 0.01772
0.06667 0.02394 0.15072 0.12951 0.02518 0.02329 0.01921 0.01633 0.08463 0.04395 0.01212 0.06093 0.01574 0.05943 0.05835 0.05928 0.05409 0.05482 0.01420 0.02760
0.19329 0.00536 0.06788 0.06592 0.03425 0.04222 0.04263 0.04052 0.06613 0.03663 0.01369 0.04927 0.02978 0.05920 0.05405 0.08910 0.04232 0.05159 0.00331 0.01286
0.07958 0.00852 0.04497 0.06544 0.02907 0.04758 0.03195 0.13602 0.04868 0.07711 0.03359 0.03007 0.05084 0.03530 0.04787 0.05768 0.07406 0.06711 0.00485 0.02971
0.08309 0.00771 0.04224 0.05019 0.03477 0.05354 0.01709 0.04908 0.07576 0.14741 0.01915 0.03127 0.01460 0.07168 0.06166 0.07624 0.06243 0.05841 0.01672 0.02696
0.14042 0.00620 0.04599 0.06417 0.02775 0.03818 0.03112 0.02418 0.08617 0.05265 0.01566 0.03689 0.02912 0.04398 0.07809 0.08986 0.06796 0.06303 0.01968 0.03889
0.05432 0.01639 0.06412 0.08445 0.00943 0.05758 0.05568 0.05126 0.09355 0.04009 0.02006 0.05421 0.03991 0.04999 0.14266 0.07205 0.04311 0.03594 0.00303 0.01218
0.05361 0.02221 0.04061 0.09266 0.04145 0.11625 0.02908 0.03209 0.09509 0.03768 0.01402 0.05027 0.01605 0.07322 0.06292 0.05287 0.05654 0.04033 0.00338 0.06968
0.08407 0.00454 0.08127 0.09828 0.02413 0.08293 0.03885 0.04275 0.08560 0.04385 0.01180 0.05971 0.01667 0.05876 0.08337 0.08756 0.04452 0.03658 0.00292 0.01185
0.12593 0.00539 0.05132 0.07646 0.03961 0.06382 0.01968 0.01970 0.07760 0.05284 0.01378 0.05317 0.01622 0.08804 0.05847 0.06068 0.05443 0.06425 0.00333 0.05530
0.09492 0.00506 0.09093 0.09034 0.01024 0.06103 0.02044 0.02492 0.07081 0.04131 0.01304 0.04130 0.10988 0.05926 0.04369 0.09476 0.06036 0.04014 0.01492 0.01265
0.07688 0.00893 0.02445 0.07388 0.10143 0.04924 0.01611 0.08913 0.05961 0.09971 0.02972 0.04201 0.02674 0.05792 0.03054 0.05671 0.05917 0.06117 0.00504 0.03160
0.06852 0.02135 0.11370 0.09062 0.06908 0.05631 0.03965 0.01616 0.08155 0.04044 0.01244 0.07029 0.05136 0.06286 0.04495 0.05914 0.06181 0.02435 0.00306 0.01236
0.10819 0.00469 0.04249 0.13316 0.01983 0.05854 0.03988 0.01552 0.08869 0.04404 0.01218 0.04294 0.03079 0.08866 0.07891 0.05705 0.08772 0.03153 0.00301 0.01221
0.11253 0.00495 0.08369 0.09367 0.00990 0.03344 0.03245 0.03105 0.07228 0.08087 0.01279 0.05894 0.02901 0.06686 0.05207 0.07822 0.06273 0.06888 0.00314 0.01255
0.07931 0.00597 0.03737 0.06528 0.02937 0.03759 0.01968 0.02272 0.10500 0.07035 0.01516 0.05324 0.04857 0.06063 0.07635 0.06782 0.06070 0.03157 0.09944 0.01386
0.06721 0.00488 0.08889 0.09269 0.00971 0.02518 0.03057 0.05777 0.11575 0.02696 0.10452 0.07231 0.01701 0.05077 0.06921 0.05651 0.05795 0.02485 0.00310 0.02415
0.06005 0.00597 0.03566 0.10531 0.04945 0.09615 0.03456 0.03874 0.06274 0.05771 0.02826 0.04018 0.05264 0.08277 0.07070 0.05157 0.05923 0.04238 0.00361 0.02232
0.10774 0.00470 0.05239 0.08715 0.00936 0.06766 0.03898 0.04574 0.07011 0.06674 0.01217 0.05279 0.04287 0.10044 0.05176 0.07712 0.06201 0.02394 0.01433 0.01201
0.05856 0.01925 0.04938 0.06230 0.03926 0.04958 0.01757 0.03964 0.05448 0.06404 0.04033 0.05264 0.04816 0.03891 0.06435 0.05987 0.17025 0.05211 0.00417 0.01517
0.07751 0.00827 0.03178 0.05383 0.12967 0.04901 0.01640 0.05234 0.05981 0.09354 0.02042 0.04381 0.02633 0.03429 0.03837 0.10171 0.07531 0.04588 0.02514 0.01658
0.05608 0.00446 0.06403 0.13229 0.01385 0.06588 0.02040 0.02725 0.10043 0.04991 0.01160 0.07043 0.04052 0.05021 0.06798 0.09852 0.07290 0.02239 0.01913 0.01171
0.06730 0.01648 0.04681 0.10597 0.01001 0.05513 0.04880 0.07307 0.06887 0.06978 0.01273 0.05186 0.02993 0.06801 0.10430 0.07526 0.04242 0.03785 0.00311 0.01233
0.07861 0.00934 0.02273 0.05273 0.04760 0.05353 0.01565 0.06704 0.05880 0.14208 0.02292 0.02649 0.04164 0.06420 0.04332 0.04871 0.04215 0.07880 0.00523 0.07841
0.09396 0.01824 0.03463 0.06054 0.02596 0.07433 0.02596 0.02517 0.11107 0.03668 0.02376 0.07027 0.01568 0.04325 0.08733 0.06335 0.05581 0.03415 0.06363 0.03621
0.08407 0.00539 0.07468 0.06729 0.02792 0.08071 0.02239 0.03137 0.11422 0.05536 0.01379 0.03955 0.06869 0.05229 0.04194 0.07900 0.07659 0.03779 0.00334 0.02364
0.10230 0.00983 0.03152 0.04385 0.07099 0.06592 0.01519 0.07266 0.05034 0.08188 0.02405 0.02500 0.02620 0.02893 0.04163 0.08180 0.04214 0.06475 0.01856 0.10246
0.13847 0.03379 0.02223 0.03921 0.03070 0.03736 0.03071 0.05685 0.07185 0.10923 0.02328 0.02609 0.04184 0.03031 0.07330 0.08205 0.04221 0.06868 0.02360 0.01825
0.06823 0.01442 0.06021 0.09222 0.00965 0.03911 0.02038 0.01655 0.07109 0.07171 0.01250 0.06129 0.06905 0.10059 0.04919 0.12135 0.04310 0.02466 0.03390 0.02080
0.12198 0.00543 0.04905 0.09736 0.02139 0.03817 0.03944 0.01985 0.07458 0.05689 0.02782 0.03944 0.02792 0.07411 0.04817 0.09705 0.06865 0.04809 0.01976 0.02486
0.10850 0.00689 0.03259 0.07144 0.01531 0.03496 0.01825 0.02802 0.09092 0.05452 0.01725 0.03464 0.05846 0.04113 0.06030 0.08328 0.05470 0.13013 0.03173 0.02699
0.05426 0.00508 0.05837 0.06947 0.02982 0.03606 0.04286 0.03501 0.09290 0.05604 0.01305 0.06417 0.03322 0.06503 0.06638 0.11578 0.05727 0.08948 0.00318 0.01259
0.07119 0.03325 0.06335 0.08164 0.01146 0.07870 0.01999 0.03214 0.08577 0.06912 0.01407 0.06316 0.01648 0.06433 0.06960 0.07226 0.05080 0.05904 0.03044 0.01322
0.07240 0.03519 0.01052 0.01905 0.03091 0.01717 0.01255 0.07560 0.02204 0.11235 0.06327 0.03268 0.02559 0.01815 0.05482 0.05752 0.08895 0.10831 0.10837 0.03456
0.06290 0.01072 0.01779 0.03158 0.03778 0.01900 0.02621 0.04938 0.03386 0.10602 0.05791 0.02249 0.01305 0.04332 0.07527 0.06994 0.14776 0.14215 0.00590 0.02696
0.06965 0.01910 0.04405 0.05803 0.03146 0.04652 0.01846 0.02775 0.05879 0.08917 0.01717 0.12598 0.01552 0.09041 0.06715 0.07210 0.04302 0.04910 0.02844 0.02813
0.07849 0.01729 0.09695 0.07400 0.01146 0.03842 0.02696 0.02018 0.06751 0.05492 0.04256 0.05541 0.01638 0.06838 0.06572 0.12785 0.04328 0.06482 0.01624 0.01318
0.07699 0.00875 0.02562 0.04505 0.03562 0.05118 0.05461 0.05211 0.05234 0.16742 0.05133 0.02895 0.03123 0.05794 0.03916 0.08984 0.06081 0.04874 0.00496 0.01734
0.05394 0.00808 0.03593 0.06928 0.01859 0.03663 0.01718 0.04859 0.06116 0.17938 0.03248 0.03113 0.07126 0.05336 0.03371 0.08428 0.04279 0.08756 0.00464 0.03005
0.09434 0.02025 0.07483 0.09137 0.02003 0.02380 0.01943 0.05664 0.08371 0.06516 0.01501 0.05419 0.07170 0.04565 0.04067 0.07300 0.08418 0.03456 0.00359 0.02790
0.05442 0.03397 0.08589 0.07768 0.02271 0.02372 0.03270 0.02296 0.07199 0.05123 0.02388 0.06230 0.10326 0.04533 0.06357 0.06450 0.05939 0.05678 0.01799 0.02573
0.05436 0.00625 0.03555 0.07423 0.04060 0.04345 0.04974 0.02439 0.06267 0.05901 0.01578 0.05972 0.12569 0.05856 0.08914 0.05196 0.05051 0.04941 0.01566 0.03334
0.05936 0.00486 0.05870 0.12646 0.00966 0.03245 0.05685 0.06487 0.07284 0.04101 0.01259 0.06211 0.08146 0.06068 0.06471 0.06117 0.06544 0.02474 0.01478 0.02525
0.06233 0.02573 0.07950 0.08933 0.03809 0.06328 0.04273 0.03143 0.10083 0.04605 0.01341 0.04088 0.09519 0.06118 0.04329 0.06595 0.04362 0.04104 0.00326 0.01287
0.06640 0.00477 0.06862 0.07222 0.01908 0.06359 0.13789 0.01612 0.09609 0.02630 0.01235 0.05252 0.01683 0.05037 0.09470 0.07149 0.04339 0.06473 0.00304 0.01949
0.09885 0.03247 0.05078 0.07443 0.01362 0.05273 0.03595 0.06918 0.07354 0.05642 0.03283 0.05253 0.02338 0.04358 0.06937 0.06530 0.06667 0.07050 0.00376 0.01411
0.06884 0.02630 0.01807 0.04500 0.02552 0.02741 0.01448 0.08953 0.07105 0.16828 0.04458 0.03689 0.01306 0.02600 0.04940 0.05883 0.08025 0.11100 0.00584 0.01968
