1801
1
0 1.0
20
0.07879 0.01516 0.05352 0.06683 0.03971 0.06951 0.02292 0.05901 0.05944 0.09637 0.02377 0.04144 0.04829 0.03956 0.05410 0.06834 0.05407 0.06734 0.01141 0.03041
0.05530 0.17586 0.01885 0.03144 0.08446 0.02215 0.01352 0.03835 0.03302 0.05081 0.02057 0.18395 0.06543 0.02473 0.02412 0.04360 0.04089 0.04919 0.00514 0.01863
0.15031 0.01037 0.01526 0.02693 0.02687 0.01726 0.01285 0.11420 0.03006 0.23162 0.02827 0.01963 0.01193 0.11551 0.02311 0.03547 0.03904 0.06718 0.00561 0.01853
0.11107 0.01163 0.01344 0.02344 0.02569 0.07835 0.01233 0.05638 0.02586 0.11474 0.02590 0.01889 0.01265 0.02029 0.02071 0.03919 0.13844 0.22649 0.00569 0.01881
0.05525 0.00714 0.03158 0.04898 0.01197 0.13763 0.01504 0.02147 0.04669 0.13401 0.01336 0.09403 0.01501 0.03363 0.03046 0.21803 0.04012 0.03064 0.00320 0.01174
0.10299 0.01169 0.01570 0.02743 0.12480 0.12829 0.01372 0.10311 0.02982 0.06756 0.02700 0.02104 0.10445 0.02316 0.02325 0.04104 0.04364 0.06489 0.00608 0.02032
0.05591 0.00576 0.03879 0.06703 0.01144 0.07173 0.02005 0.02006 0.06984 0.03092 0.01398 0.03990 0.06559 0.04770 0.17550 0.13555 0.04388 0.02878 0.00342 0.05417
0.10993 0.00706 0.03293 0.05198 0.01576 0.11824 0.01670 0.02600 0.05164 0.03703 0.01572 0.03252 0.01482 0.09105 0.03424 0.04759 0.04006 0.03501 0.00402 0.21772
0.05647 0.05525 0.01565 0.02793 0.02994 0.01938 0.01454 0.05727 0.03082 0.12544 0.02966 0.07006 0.01335 0.07090 0.02433 0.03999 0.04477 0.15453 0.00670 0.11304
0.10467 0.06211 0.01944 0.03451 0.02648 0.02026 0.01543 0.09789 0.17097 0.06636 0.02678 0.02432 0.01386 0.02806 0.02810 0.04234 0.04437 0.06323 0.00608 0.10475
0.04830 0.00975 0.01700 0.02949 0.14816 0.07320 0.06461 0.04408 0.03160 0.05962 0.02354 0.02157 0.01220 0.02429 0.02370 0.03691 0.13419 0.05422 0.00780 0.13576
0.13309 0.00448 0.08733 0.12114 0.00867 0.07371 0.02120 0.01450 0.15749 0.02442 0.01161 0.04483 0.01742 0.05205 0.04487 0.10243 0.04351 0.02244 0.00289 0.01191
0.05548 0.00746 0.03321 0.05715 0.01715 0.10988 0.01877 0.03062 0.05934 0.12406 0.01849 0.12648 0.01577 0.08257 0.03899 0.05052 0.04396 0.04033 0.05340 0.01636
0.05637 0.00694 0.03592 0.14005 0.05500 0.02415 0.01953 0.07535 0.10664 0.04032 0.01744 0.03749 0.14496 0.04449 0.04075 0.05283 0.04473 0.03758 0.00413 0.01533
0.10336 0.00531 0.04281 0.07214 0.01069 0.02574 0.02069 0.01841 0.07123 0.02907 0.01334 0.12603 0.01712 0.17127 0.04424 0.09608 0.04415 0.02691 0.00328 0.05812
0.22209 0.00424 0.14689 0.06853 0.00709 0.02556 0.01665 0.01184 0.05288 0.01936 0.00892 0.11244 0.01514 0.03975 0.03158 0.15163 0.03525 0.01865 0.00224 0.00927
0.05701 0.00475 0.08955 0.11997 0.00923 0.02638 0.02185 0.01557 0.11868 0.02603 0.08630 0.04476 0.01776 0.05372 0.12712 0.09660 0.04526 0.02388 0.00307 0.01250
0.15358 0.01108 0.01546 0.02668 0.02322 0.07186 0.01266 0.14682 0.02878 0.05869 0.02356 0.02073 0.01329 0.02218 0.02206 0.16673 0.04240 0.11742 0.00526 0.01754
0.03971 0.01033 0.00607 0.01097 0.02848 0.01162 0.00815 0.24894 0.01302 0.15766 0.14306 0.01024 0.06882 0.01141 0.01237 0.02286 0.03147 0.14338 0.00515 0.01629
0.04645 0.00394 0.04944 0.13800 0.00747 0.16794 0.01854 0.01263 0.15287 0.02115 0.00977 0.04112 0.12804 0.04479 0.04082 0.04865 0.03639 0.01931 0.00250 0.01017
0.05586 0.09189 0.03503 0.06120 0.01489 0.02403 0.01948 0.02690 0.10518 0.03905 0.01697 0.03710 0.01622 0.09032 0.04223 0.17993 0.04426 0.03629 0.00407 0.05911
0.05697 0.00817 0.03141 0.05484 0.06248 0.06867 0.04765 0.03445 0.05616 0.12654 0.02025 0.03408 0.01579 0.09542 0.03694 0.13826 0.04517 0.04477 0.00476 0.01720
0.01891 0.00559 0.00260 0.00460 0.02687 0.00463 0.00326 0.15331 0.00525 0.47372 0.10446 0.00393 0.00426 0.00570 0.00545 0.00856 0.01527 0.14245 0.00304 0.00814
0.04739 0.00518 0.04666 0.16095 0.01094 0.07268 0.01739 0.01951 0.05504 0.24301 0.01262 0.09353 0.01498 0.04006 0.03442 0.04670 0.03694 0.02704 0.00307 0.01187
0.09726 0.00843 0.03038 0.13214 0.01922 0.02303 0.01820 0.08033 0.05432 0.09759 0.02082 0.03322 0.06129 0.03908 0.03591 0.04989 0.12992 0.04704 0.00481 0.01716
0.03422 0.00418 0.02308 0.04215 0.01457 0.01697 0.01743 0.01503 0.07801 0.02510 0.01038 0.02726 0.01168 0.27464 0.12751 0.03382 0.02822 0.02031 0.00403 0.19142
0.05434 0.05426 0.03979 0.06897 0.01001 0.11292 0.02048 0.01743 0.07459 0.02791 0.01283 0.12166 0.01671 0.09434 0.13481 0.05472 0.04295 0.02565 0.00319 0.01245
0.04735 0.01039 0.09879 0.02340 0.02558 0.01596 0.01177 0.12473 0.02538 0.26025 0.02645 0.01756 0.05457 0.01980 0.01988 0.03273 0.03746 0.12452 0.00543 0.01800
0.09365 0.00907 0.02383 0.04180 0.02075 0.02095 0.01578 0.08258 0.04337 0.05264 0.02175 0.07244 0.07203 0.03179 0.02984 0.09173 0.12590 0.12784 0.00498 0.01727
0.05216 0.00424 0.08083 0.07306 0.00815 0.12125 0.02027 0.01364 0.11264 0.02313 0.01102 0.11521 0.01650 0.12817 0.08875 0.05437 0.04137 0.02115 0.00276 0.01131
0.04914 0.00433 0.21598 0.06994 0.00858 0.02418 0.01866 0.01454 0.06271 0.02355 0.01090 0.09976 0.01562 0.04505 0.03810 0.09668 0.11837 0.02179 0.00271 0.05942
0.05042 0.00740 0.02466 0.04226 0.01482 0.07539 0.01499 0.02749 0.04870 0.22804 0.01612 0.02760 0.01364 0.03230 0.10009 0.18401 0.03834 0.03646 0.00382 0.01345
0.11016 0.00758 0.02996 0.05225 0.01683 0.02236 0.01743 0.03107 0.05332 0.04340 0.05673 0.15487 0.06067 0.03815 0.03489 0.09185 0.04265 0.04075 0.07954 0.01553
0.05039 0.00967 0.01790 0.02966 0.02187 0.07279 0.01278 0.04558 0.03117 0.21839 0.02225 0.16522 0.01232 0.02334 0.02313 0.03824 0.03862 0.14494 0.00495 0.01678
0.05362 0.00666 0.03098 0.05331 0.01294 0.10500 0.01688 0.08418 0.05496 0.03396 0.01482 0.03300 0.06455 0.03846 0.07716 0.22950 0.04105 0.03244 0.00352 0.01299
0.09448 0.00688 0.03114 0.05298 0.01391 0.07205 0.01687 0.02540 0.05358 0.16747 0.01569 0.03279 0.01497 0.11857 0.03472 0.15555 0.04117 0.03450 0.00370 0.01357
0.10000 0.00876 0.02541 0.04445 0.02023 0.02100 0.01629 0.13776 0.04598 0.05160 0.02138 0.07274 0.01424 0.10975 0.03127 0.08378 0.04243 0.13090 0.00490 0.01714
0.05420 0.00482 0.11181 0.07158 0.00961 0.02482 0.02042 0.05914 0.18566 0.06242 0.01244 0.09394 0.05730 0.04972 0.04393 0.05532 0.04300 0.02457 0.00306 0.01226
0.05266 0.00854 0.02530 0.09109 0.02096 0.02067 0.01655 0.03732 0.04723 0.10791 0.02105 0.02867 0.01411 0.03378 0.07138 0.08870 0.04182 0.04742 0.08179 0.14303
0.16211 0.00823 0.02583 0.04494 0.01783 0.02176 0.01591 0.11417 0.08760 0.04573 0.01913 0.02895 0.01429 0.03356 0.03151 0.09232 0.17223 0.04394 0.00442 0.01556
0.04826 0.00499 0.03416 0.06022 0.01066 0.02230 0.01929 0.01777 0.07493 0.02813 0.01256 0.03627 0.01509 0.09521 0.16712 0.18747 0.03864 0.02523 0.00331 0.09840
0.05421 0.01091 0.01814 0.03219 0.11610 0.01934 0.01480 0.09840 0.03525 0.06698 0.02670 0.13306 0.01329 0.02637 0.10971 0.04036 0.04297 0.11456 0.00606 0.02062
0.14253 0.00614 0.03995 0.06786 0.01193 0.11685 0.02012 0.02117 0.13117 0.03216 0.01448 0.08743 0.01717 0.04760 0.04311 0.05661 0.04514 0.08160 0.00350 0.01346
0.05898 0.00808 0.02783 0.04437 0.01270 0.02662 0.01439 0.02420 0.04376 0.03280 0.01409 0.27055 0.01530 0.03157 0.02912 0.09306 0.12014 0.11726 0.00332 0.01188
0.05921 0.06880 0.08286 0.05339 0.01854 0.05612 0.01814 0.03444 0.05428 0.13337 0.02014 0.03371 0.01608 0.03913 0.03582 0.11579 0.09362 0.04515 0.00468 0.01672
0.06036 0.00589 0.04880 0.14855 0.01206 0.02830 0.02265 0.02111 0.07817 0.08939 0.01491 0.04652 0.01870 0.10569 0.04921 0.15358 0.04773 0.03036 0.00366 0.01434
0.05616 0.11406 0.02641 0.04874 0.02028 0.02297 0.01944 0.03871 0.12856 0.05362 0.10025 0.03211 0.01575 0.04130 0.11614 0.04799 0.04500 0.04926 0.00526 0.01801
0.05751 0.00769 0.03340 0.05511 0.01440 0.11392 0.01849 0.02919 0.20362 0.03892 0.01640 0.03517 0.01638 0.04153 0.04680 0.05220 0.04373 0.15742 0.00396 0.01417
0.16930 0.01187 0.01869 0.03226 0.02609 0.02107 0.01428 0.13388 0.03443 0.07104 0.02724 0.09035 0.01391 0.02592 0.02561 0.04267 0.04541 0.17095 0.00572 0.01933
0.05360 0.00498 0.04404 0.13637 0.00985 0.02549 0.02069 0.01711 0.12679 0.05781 0.01259 0.04229 0.01686 0.04991 0.04764 0.25083 0.04246 0.02515 0.00315 0.01239
0.15009 0.00529 0.05286 0.19927 0.00748 0.24698 0.01536 0.01286 0.04634 0.01989 0.00886 0.03885 0.01555 0.03554 0.02833 0.04927 0.03564 0.02037 0.00224 0.00892
0.02180 0.00505 0.01027 0.01576 0.19731 0.00998 0.01937 0.02136 0.01787 0.03886 0.01227 0.01438 0.00712 0.27454 0.01448 0.01977 0.01747 0.02467 0.01496 0.24269
0.04963 0.01104 0.01075 0.01781 0.02454 0.14039 0.00969 0.07940 0.02013 0.16735 0.02580 0.01508 0.01085 0.01567 0.01671 0.03264 0.03704 0.29458 0.00484 0.01606
0.05243 0.00841 0.03037 0.21683 0.02566 0.02178 0.01774 0.11824 0.04890 0.05452 0.02120 0.03094 0.01457 0.03497 0.03345 0.04485 0.04144 0.05129 0.00580 0.12661
0.13908 0.01144 0.00869 0.01481 0.22804 0.01607 0.00999 0.08024 0.01700 0.08377 0.02821 0.01362 0.01046 0.01413 0.01507 0.03076 0.03674 0.21554 0.00581 0.02055
0.02503 0.00712 0.00375 0.00618 0.02414 0.00626 0.00369 0.10579 0.00713 0.35521 0.03000 0.00528 0.00501 0.00632 0.00659 0.01123 0.01944 0.36001 0.00292 0.00890
0.03418 0.00550 0.02160 0.03342 0.01970 0.01620 0.01296 0.03375 0.04880 0.21069 0.01947 0.02193 0.01060 0.36395 0.03755 0.02964 0.02678 0.03493 0.00392 0.01445
0.26584 0.00816 0.02647 0.04438 0.01163 0.02802 0.01524 0.02171 0.05320 0.03082 0.01334 0.03040 0.01598 0.03413 0.13115 0.05413 0.16885 0.03186 0.00324 0.01143
0.03383 0.00799 0.00908 0.01596 0.03111 0.01101 0.00846 0.14037 0.01987 0.40481 0.03632 0.01195 0.00833 0.11038 0.01648 0.02183 0.02706 0.06583 0.00473 0.01458
0.05823 0.01026 0.02274 0.03794 0.02267 0.02327 0.12461 0.04615 0.04201 0.05671 0.02258 0.02652 0.01466 0.02962 0.03055 0.04635 0.18598 0.17543 0.00526 0.01845
0.05189 0.00767 0.03807 0.13816 0.01621 0.13805 0.01607 0.22213 0.04707 0.04344 0.01746 0.03308 0.01479 0.03427 0.03136 0.04558 0.03968 0.04666 0.00399 0.01436
0.02288 0.00650 0.00355 0.00591 0.02701 0.00592 0.00367 0.09422 0.00691 0.48822 0.03384 0.00498 0.00492 0.00648 0.00657 0.01060 0.01790 0.23770 0.00312 0.00909
0.05451 0.00650 0.15613 0.06437 0.01265 0.02663 0.01769 0.10721 0.05425 0.03340 0.01420 0.03873 0.01621 0.04016 0.03401 0.23164 0.04121 0.03414 0.00339 0.01296
0.05928 0.01131 0.01490 0.02431 0.02119 0.02323 0.01137 0.25977 0.02653 0.05727 0.02193 0.01991 0.01343 0.02010 0.02066 0.13693 0.16752 0.07022 0.00465 0.01550
0.02053 0.00546 0.00691 0.00993 0.24863 0.00908 0.01892 0.02275 0.01129 0.03935 0.01250 0.01164 0.00642 0.01111 0.01051 0.14005 0.01618 0.02636 0.01588 0.35651
0.28264 0.01152 0.01714 0.02186 0.00777 0.03896 0.00813 0.01391 0.02091 0.01853 0.00826 0.02243 0.01745 0.01631 0.01622 0.39568 0.04687 0.02684 0.00203 0.00653
0.05793 0.00567 0.15829 0.08007 0.01163 0.02840 0.02218 0.08044 0.19010 0.03223 0.01428 0.04679 0.01839 0.05274 0.04864 0.05845 0.04569 0.03073 0.00352 0.01383
0.06943 0.01137 0.01631 0.02322 0.01469 0.03121 0.00967 0.04043 0.02442 0.03936 0.01491 0.02122 0.01542 0.01823 0.01897 0.34138 0.04423 0.23106 0.00327 0.01119
0.03874 0.01002 0.00733 0.01281 0.04524 0.01205 0.01090 0.15768 0.01528 0.28848 0.03744 0.01169 0.00904 0.01352 0.01417 0.02366 0.03089 0.07938 0.00770 0.17397
0.06008 0.01014 0.02009 0.02980 0.02113 0.02656 0.01228 0.04053 0.03273 0.21909 0.01977 0.02324 0.01455 0.02309 0.02481 0.31002 0.04122 0.05026 0.00445 0.01618
0.04233 0.00502 0.03563 0.05065 0.00711 0.20071 0.01630 0.01241 0.35889 0.02048 0.00878 0.03227 0.01417 0.03784 0.05414 0.04128 0.03156 0.01878 0.00264 0.00902
0.04048 0.00592 0.21023 0.05209 0.01759 0.02202 0.01379 0.03487 0.03693 0.32745 0.01734 0.03124 0.01301 0.02884 0.02390 0.03669 0.03062 0.03959 0.00363 0.01378
0.04961 0.00394 0.20527 0.15885 0.00773 0.02917 0.02074 0.01283 0.06842 0.02176 0.00994 0.05005 0.01760 0.04967 0.16913 0.05339 0.03867 0.01977 0.00259 0.01087
0.06211 0.00717 0.08348 0.07478 0.01596 0.02832 0.09131 0.02774 0.07103 0.13938 0.01777 0.04456 0.01859 0.05061 0.04497 0.11436 0.04891 0.03789 0.00436 0.01670
0.06008 0.01014 0.02009 0.02980 0.02113 0.02656 0.01228 0.04053 0.03273 0.21909 0.01977 0.02324 0.01455 0.02309 0.02481 0.31002 0.04122 0.05026 0.00445 0.01618
0.09153 0.01284 0.03233 0.03864 0.00980 0.30249 0.01194 0.01631 0.03211 0.02292 0.01018 0.03248 0.02143 0.02474 0.02341 0.21937 0.05500 0.03090 0.00265 0.00894
0.09186 0.01283 0.03210 0.03926 0.00995 0.18612 0.01223 0.01662 0.03331 0.02343 0.01043 0.03277 0.02152 0.02551 0.02411 0.32942 0.05546 0.03126 0.00269 0.00913
0.09260 0.01335 0.02764 0.03782 0.01268 0.04460 0.01321 0.02396 0.03750 0.03137 0.01342 0.03198 0.02139 0.02735 0.02756 0.20407 0.28578 0.03937 0.00326 0.01109
0.05369 0.00667 0.24706 0.07575 0.01736 0.02977 0.01930 0.03348 0.05548 0.15092 0.01688 0.04466 0.01759 0.04225 0.03485 0.05152 0.04076 0.04163 0.00409 0.01628
0.05196 0.01089 0.01753 0.02962 0.02974 0.01835 0.01350 0.14319 0.03298 0.22596 0.03085 0.14400 0.01261 0.02425 0.02511 0.03696 0.04078 0.08580 0.00586 0.02006
0.05549 0.00637 0.03940 0.06677 0.01321 0.02586 0.02179 0.02405 0.18768 0.03653 0.12661 0.11864 0.01726 0.05083 0.05984 0.05380 0.04428 0.03294 0.00399 0.01465
0.01999 0.00584 0.00393 0.00635 0.22373 0.00613 0.00747 0.06908 0.00746 0.46394 0.04111 0.00603 0.00543 0.00817 0.00767 0.01114 0.01619 0.05434 0.00690 0.02910
0.04587 0.00617 0.31318 0.05887 0.01195 0.02537 0.01406 0.03727 0.03845 0.03453 0.01256 0.03520 0.01420 0.03070 0.02378 0.04199 0.03342 0.20862 0.00282 0.01097
0.03954 0.00539 0.02351 0.03803 0.00793 0.02183 0.01488 0.01349 0.07064 0.02204 0.00906 0.02598 0.32694 0.03383 0.24904 0.03685 0.02936 0.01960 0.00285 0.00921
0.01153 0.00406 0.00499 0.00590 0.10861 0.00679 0.02237 0.01566 0.00773 0.03461 0.00918 0.01007 0.00508 0.00889 0.00842 0.01203 0.00937 0.01684 0.36753 0.33034
0.05113 0.01116 0.01488 0.02655 0.17228 0.01800 0.01517 0.13381 0.03401 0.09489 0.03171 0.02035 0.01260 0.02403 0.15222 0.03640 0.04057 0.07320 0.00766 0.02939
0.01999 0.00584 0.00393 0.00635 0.22373 0.00613 0.00747 0.06908 0.00746 0.46394 0.04111 0.00603 0.00543 0.00817 0.00767 0.01114 0.01619 0.05434 0.00690 0.02910
0.04676 0.00462 0.24037 0.07610 0.00665 0.03080 0.01541 0.01057 0.04142 0.01672 0.00725 0.04427 0.01603 0.03505 0.02380 0.32388 0.03268 0.01728 0.00197 0.00838
0.05593 0.00878 0.02991 0.03995 0.01587 0.02629 0.01298 0.04299 0.03764 0.04125 0.01531 0.28766 0.01448 0.02649 0.02670 0.04644 0.03897 0.21519 0.00362 0.01353
0.04312 0.00803 0.01911 0.03315 0.01841 0.01769 0.01432 0.29477 0.20126 0.06030 0.02034 0.02291 0.01191 0.03007 0.04586 0.03355 0.03410 0.07275 0.00417 0.01418
0.02387 0.00457 0.01068 0.01064 0.00380 0.84241 0.00384 0.00453 0.00814 0.00721 0.00260 0.00903 0.00831 0.00621 0.00730 0.01958 0.01407 0.00830 0.00161 0.00330
0.03843 0.00692 0.02058 0.03238 0.02600 0.01668 0.01323 0.04742 0.04547 0.34812 0.02716 0.02168 0.01125 0.17978 0.03523 0.03116 0.03025 0.04696 0.00472 0.01659
0.07926 0.22037 0.01132 0.01488 0.00973 0.03775 0.00722 0.01793 0.01662 0.02247 0.00954 0.01895 0.01680 0.01309 0.01423 0.40223 0.04637 0.03126 0.00237 0.00759
0.04883 0.00523 0.22892 0.07103 0.00793 0.02999 0.01553 0.01431 0.04350 0.02061 0.00874 0.04192 0.01602 0.03521 0.02597 0.04854 0.30451 0.02173 0.00228 0.00919
0.04089 0.00780 0.01374 0.01787 0.38559 0.23436 0.01205 0.02589 0.01743 0.03940 0.01334 0.01596 0.01086 0.01409 0.01436 0.03268 0.02761 0.03264 0.00745 0.03598
0.05743 0.01109 0.01493 0.02238 0.02119 0.02297 0.01023 0.32165 0.02457 0.06256 0.02151 0.01871 0.01288 0.01806 0.01944 0.19652 0.04004 0.08471 0.00428 0.01484
0.05102 0.00818 0.01416 0.01642 0.00825 0.02714 0.00645 0.01771 0.01707 0.02097 0.00743 0.01579 0.01255 0.01189 0.01422 0.04123 0.67445 0.02642 0.00213 0.00655
0.04079 0.00414 0.04406 0.06247 0.00723 0.02385 0.01944 0.01254 0.33279 0.02169 0.00937 0.18838 0.01485 0.04602 0.06630 0.04230 0.03242 0.01843 0.00280 0.01014
0.05099 0.00559 0.05607 0.21977 0.00939 0.02884 0.01724 0.01768 0.05483 0.02542 0.01079 0.04152 0.01638 0.03954 0.03509 0.05020 0.28163 0.02563 0.00274 0.01064
0.22115 0.01183 0.02054 0.03302 0.02095 0.02906 0.01372 0.04309 0.03515 0.19683 0.02161 0.02573 0.01629 0.02607 0.02611 0.13326 0.04832 0.05622 0.00480 0.01624
0.03663 0.00680 0.01486 0.02836 0.02154 0.01617 0.01436 0.04109 0.06320 0.33834 0.02284 0.02048 0.01113 0.02989 0.21218 0.02968 0.02945 0.04322 0.00454 0.01525
0.03042 0.00856 0.00535 0.00910 0.03661 0.00791 0.00544 0.25344 0.01068 0.37944 0.04530 0.00729 0.00670 0.00962 0.00978 0.01454 0.02413 0.11843 0.00435 0.01291
0.04474 0.00369 0.23494 0.08744 0.00746 0.11140 0.16606 0.01164 0.05319 0.01924 0.00849 0.04927 0.01659 0.04281 0.03061 0.04844 0.03386 0.01787 0.00229 0.00997
0.04891 0.00466 0.21038 0.15733 0.14407 0.02864 0.01959 0.01733 0.05732 0.02685 0.01153 0.04780 0.01699 0.04479 0.03391 0.05088 0.03781 0.02459 0.00316 0.01345
0.03399 0.00676 0.01421 0.02399 0.33612 0.01552 0.01686 0.03141 0.04041 0.05401 0.01737 0.01881 0.01028 0.02313 0.21078 0.02834 0.02655 0.03598 0.00937 0.04610
0.04997 0.00566 0.03709 0.05704 0.00850 0.02623 0.01874 0.01499 0.32057 0.02437 0.01064 0.03631 0.01583 0.04404 0.06079 0.19541 0.03757 0.02257 0.00299 0.01070
0.20473 0.00529 0.06012 0.32337 0.00842 0.02952 0.01686 0.01554 0.05162 0.02273 0.00974 0.04257 0.01640 0.03878 0.03208 0.05015 0.03647 0.02321 0.00249 0.00990
0.02987 0.00889 0.00391 0.00617 0.01731 0.00618 0.00289 0.41008 0.00660 0.08405 0.02247 0.00523 0.00485 0.00510 0.00556 0.01082 0.02289 0.33801 0.00208 0.00704
0.04548 0.00372 0.23818 0.08815 0.00671 0.03020 0.01806 0.01083 0.05143 0.01804 0.00802 0.13247 0.01673 0.04224 0.02912 0.19826 0.03390 0.01712 0.00210 0.00924
0.03331 0.00223 0.28256 0.36649 0.00461 0.02905 0.01566 0.00704 0.03795 0.01220 0.00505 0.05044 0.01490 0.03570 0.01945 0.03914 0.02453 0.01125 0.00145 0.00699
0.20473 0.00529 0.06012 0.32337 0.00842 0.02952 0.01686 0.01554 0.05162 0.02273 0.00974 0.04257 0.01640 0.03878 0.03208 0.05015 0.03647 0.02321 0.00249 0.00990
0.05528 0.00695 0.03362 0.06032 0.08006 0.02416 0.02060 0.02742 0.12958 0.04028 0.01730 0.03728 0.01646 0.04706 0.14889 0.05185 0.14642 0.03672 0.00427 0.01549
0.04963 0.01097 0.01090 0.01834 0.02237 0.01692 0.00936 0.15644 0.02030 0.06855 0.02394 0.01513 0.01066 0.01567 0.01632 0.24015 0.03694 0.23813 0.00443 0.01484
0.11876 0.00571 0.04525 0.17005 0.01146 0.02727 0.02214 0.02051 0.16560 0.03168 0.01440 0.04476 0.01817 0.05316 0.04948 0.05928 0.04674 0.07821 0.00354 0.01382
0.16767 0.00951 0.00526 0.00873 0.01798 0.00902 0.00478 0.27219 0.00964 0.07026 0.02146 0.00767 0.00638 0.00760 0.00824 0.01672 0.02680 0.31768 0.00285 0.00956
0.15045 0.00514 0.04886 0.07753 0.01011 0.02735 0.05645 0.01724 0.07640 0.02790 0.01283 0.09748 0.01784 0.18242 0.04829 0.05761 0.04440 0.02562 0.00323 0.01286
0.05986 0.00762 0.03205 0.05082 0.01053 0.02991 0.01778 0.01804 0.07369 0.02783 0.01202 0.03449 0.01706 0.04063 0.16877 0.31384 0.04257 0.02747 0.00331 0.01173
0.05463 0.00566 0.15243 0.08153 0.01587 0.02936 0.02139 0.02035 0.06448 0.03148 0.01358 0.12165 0.01800 0.04790 0.03973 0.05526 0.04236 0.02870 0.13773 0.01792
0.06055 0.00552 0.12366 0.08588 0.01026 0.03096 0.02282 0.01742 0.07852 0.02831 0.01298 0.05007 0.01943 0.05477 0.12939 0.17968 0.04692 0.02634 0.00329 0.01321
0.05711 0.00810 0.03388 0.04780 0.01409 0.23479 0.01477 0.11472 0.04361 0.03567 0.01480 0.15909 0.01536 0.03157 0.02942 0.05007 0.04087 0.03781 0.00355 0.01291
0.04905 0.00472 0.03599 0.17495 0.00891 0.02354 0.02156 0.01597 0.15068 0.09676 0.01213 0.03938 0.01612 0.05221 0.16961 0.05009 0.03987 0.02326 0.00324 0.01197
0.05767 0.00698 0.03732 0.11543 0.01503 0.02529 0.02088 0.02772 0.07344 0.13172 0.01749 0.03941 0.01708 0.04801 0.11141 0.05455 0.14360 0.03730 0.00421 0.01547
0.05619 0.00929 0.02414 0.03788 0.02515 0.02413 0.01544 0.03426 0.03975 0.04692 0.01880 0.02670 0.13805 0.02849 0.02853 0.04656 0.12549 0.04463 0.00565 0.22395
0.05793 0.00781 0.09118 0.06203 0.01741 0.02517 0.01924 0.03553 0.05891 0.11029 0.01919 0.13875 0.01659 0.04260 0.03799 0.05267 0.04556 0.14039 0.00444 0.01633
0.03304 0.00419 0.01859 0.04026 0.00772 0.01695 0.01894 0.01516 0.32107 0.15739 0.01071 0.02735 0.01212 0.04484 0.17728 0.03261 0.02835 0.02017 0.00317 0.01010
0.05544 0.01272 0.01304 0.02316 0.03539 0.01850 0.01398 0.06707 0.02641 0.20185 0.03306 0.01887 0.11633 0.02109 0.02208 0.03745 0.04381 0.13615 0.00738 0.09621
0.05907 0.00941 0.02961 0.14294 0.02241 0.02341 0.01831 0.04454 0.05341 0.12442 0.07510 0.03267 0.01591 0.03831 0.03623 0.04999 0.14506 0.05529 0.00531 0.01859
0.05248 0.12469 0.01293 0.02253 0.02767 0.01805 0.01214 0.25711 0.02740 0.07918 0.02837 0.01797 0.01201 0.09717 0.02238 0.03557 0.04053 0.08687 0.00576 0.01919
0.05805 0.00943 0.02898 0.11354 0.02304 0.02300 0.01795 0.04457 0.05191 0.16553 0.07683 0.03182 0.10931 0.03720 0.03553 0.04876 0.04597 0.05459 0.00536 0.01865
0.05453 0.00723 0.03096 0.05312 0.08544 0.08770 0.01781 0.02677 0.05942 0.03851 0.01644 0.03338 0.10915 0.03955 0.19283 0.04970 0.04212 0.03609 0.00409 0.01515
0.05610 0.01166 0.01676 0.02906 0.02916 0.02007 0.01451 0.20481 0.03175 0.06940 0.02760 0.02184 0.10601 0.02433 0.02462 0.10393 0.04380 0.06651 0.00649 0.09162
0.05113 0.00919 0.02065 0.03612 0.02300 0.13646 0.01521 0.04024 0.04234 0.05360 0.02176 0.02476 0.01323 0.02905 0.09652 0.04091 0.04008 0.13829 0.00537 0.16210
0.03319 0.00426 0.02506 0.04028 0.02124 0.01663 0.01625 0.01530 0.05828 0.02502 0.01007 0.20368 0.01098 0.03227 0.12504 0.03245 0.02656 0.02052 0.00497 0.27795
0.05159 0.00474 0.04279 0.06989 0.01033 0.08346 0.14857 0.01640 0.06862 0.02638 0.01210 0.11987 0.01617 0.09873 0.04287 0.05260 0.04086 0.02413 0.00314 0.06675
0.11176 0.01063 0.01813 0.03201 0.02486 0.10416 0.01440 0.04869 0.03522 0.20024 0.02530 0.02289 0.01329 0.02612 0.08087 0.04089 0.04245 0.12324 0.00569 0.01916
0.05380 0.14442 0.01852 0.03275 0.02566 0.01938 0.01470 0.10653 0.03581 0.11848 0.02607 0.08451 0.01326 0.10884 0.02663 0.04042 0.04258 0.06206 0.00585 0.01974
0.05256 0.08917 0.09263 0.05245 0.01690 0.02220 0.01718 0.03162 0.05253 0.17759 0.01839 0.03245 0.01478 0.14612 0.03459 0.04698 0.04139 0.04086 0.00425 0.01538
0.17705 0.00596 0.03839 0.11431 0.01255 0.02445 0.09459 0.02237 0.06584 0.03355 0.07086 0.03908 0.01640 0.04627 0.04140 0.10477 0.04363 0.03120 0.00359 0.01374
0.05082 0.00668 0.03035 0.05303 0.01445 0.02190 0.15303 0.02692 0.12391 0.03820 0.01631 0.03283 0.01472 0.04005 0.04235 0.04675 0.15073 0.11884 0.00393 0.01420
0.04667 0.00477 0.03472 0.05992 0.00956 0.02189 0.01888 0.15653 0.18818 0.02711 0.01211 0.12157 0.01478 0.10898 0.05113 0.04668 0.03746 0.02441 0.00309 0.01158
0.05435 0.07017 0.01121 0.01990 0.02853 0.01860 0.01218 0.05696 0.02271 0.22810 0.02828 0.01711 0.07328 0.01840 0.01940 0.13293 0.04189 0.11921 0.00626 0.02053
0.10763 0.00767 0.03078 0.11148 0.01708 0.02220 0.01739 0.11397 0.05298 0.04491 0.01880 0.16085 0.01495 0.03800 0.03466 0.04779 0.04254 0.09644 0.00431 0.01556
0.05526 0.09839 0.03207 0.05550 0.01204 0.02451 0.01736 0.02163 0.05812 0.03191 0.01411 0.09825 0.01558 0.04016 0.12332 0.09934 0.15581 0.03063 0.00339 0.01260
0.03662 0.00933 0.00677 0.01207 0.02315 0.01066 0.00744 0.25173 0.11634 0.21557 0.02552 0.01022 0.00773 0.01144 0.01263 0.02102 0.02892 0.17496 0.00422 0.01366
0.05342 0.01103 0.01390 0.02385 0.17895 0.14394 0.01261 0.04778 0.02609 0.06288 0.11842 0.01903 0.01246 0.02043 0.02077 0.10852 0.04052 0.05908 0.00589 0.02044
0.05237 0.00484 0.03892 0.06823 0.00993 0.02406 0.07268 0.01670 0.07497 0.02705 0.01246 0.04015 0.01629 0.12597 0.10568 0.17801 0.04177 0.02456 0.00317 0.06218
0.30772 0.00842 0.00939 0.01122 0.00430 0.36584 0.00454 0.00718 0.01049 0.00995 0.00467 0.01409 0.01228 0.00882 0.00871 0.15824 0.03310 0.01645 0.00114 0.00344
0.04568 0.00524 0.02975 0.05365 0.01073 0.02082 0.01825 0.01952 0.07385 0.14700 0.01310 0.03301 0.01417 0.10842 0.19567 0.13221 0.03672 0.02682 0.00332 0.01206
0.03824 0.00976 0.00678 0.01181 0.15090 0.01259 0.08057 0.04872 0.01426 0.13065 0.20920 0.01210 0.00893 0.01284 0.01373 0.02499 0.03042 0.05614 0.08725 0.04012
0.14737 0.16172 0.14554 0.03469 0.09016 0.02155 0.01366 0.03830 0.03498 0.04972 0.02018 0.02419 0.01342 0.02627 0.02478 0.04303 0.04030 0.04893 0.00471 0.01651
0.04748 0.01048 0.01092 0.01876 0.03024 0.01686 0.01183 0.21266 0.02207 0.06535 0.02456 0.01596 0.01096 0.01717 0.01856 0.23840 0.03633 0.06226 0.10531 0.02383
0.05437 0.00738 0.11018 0.05589 0.01684 0.02281 0.07586 0.07390 0.05595 0.12655 0.01845 0.03424 0.11818 0.04003 0.03633 0.04929 0.04307 0.04054 0.00432 0.01579
0.05286 0.00885 0.16248 0.04255 0.02071 0.02097 0.01563 0.04038 0.04277 0.05205 0.02120 0.02773 0.01392 0.03143 0.02933 0.04366 0.10420 0.16283 0.08907 0.01736
0.15405 0.00835 0.00980 0.01163 0.00421 0.38861 0.00458 0.00700 0.01067 0.00974 0.00459 0.01426 0.01228 0.00896 0.00878 0.28875 0.03298 0.01622 0.00113 0.00340
0.05213 0.01091 0.01569 0.02718 0.02621 0.01845 0.01324 0.15916 0.02970 0.21439 0.02638 0.08145 0.01243 0.02266 0.02299 0.13483 0.04082 0.06615 0.00580 0.01944
0.13992 0.00833 0.02295 0.04062 0.01812 0.02092 0.01547 0.03515 0.04867 0.16505 0.01943 0.02694 0.01374 0.03218 0.17843 0.04335 0.10596 0.04487 0.00447 0.01543
0.21301 0.01099 0.01096 0.01890 0.02359 0.01828 0.01054 0.05787 0.02116 0.13571 0.02395 0.01609 0.01141 0.01681 0.01749 0.10237 0.03832 0.23068 0.00510 0.01678
0.05613 0.00833 0.03119 0.19155 0.01969 0.02304 0.01822 0.09968 0.05470 0.04990 0.02067 0.03326 0.10063 0.03885 0.03655 0.04918 0.04442 0.04644 0.05995 0.01764
0.05747 0.00557 0.04224 0.07277 0.06240 0.08498 0.02132 0.01972 0.15896 0.03091 0.01412 0.04278 0.01751 0.09498 0.04674 0.13646 0.04552 0.02853 0.00346 0.01355
0.05114 0.11721 0.00797 0.01451 0.03224 0.01574 0.01108 0.07678 0.01742 0.16280 0.13001 0.01382 0.01102 0.01496 0.01651 0.03124 0.09441 0.15310 0.00662 0.02142
0.23448 0.00934 0.01156 0.01519 0.00599 0.29245 0.00604 0.01063 0.01497 0.01435 0.00650 0.01683 0.01379 0.01196 0.01182 0.05259 0.24404 0.02103 0.00156 0.00489
0.04950 0.00857 0.02127 0.03676 0.01846 0.01978 0.01453 0.14787 0.11294 0.05145 0.01993 0.02487 0.01298 0.02978 0.03486 0.03992 0.27976 0.05734 0.00439 0.01503
0.04991 0.01223 0.00903 0.01635 0.03327 0.01580 0.01155 0.14291 0.01944 0.15850 0.03310 0.01466 0.01110 0.01626 0.01764 0.03159 0.19956 0.07984 0.10506 0.02218
0.03829 0.00513 0.02320 0.04316 0.01228 0.01807 0.09950 0.02042 0.26168 0.21103 0.01308 0.02808 0.01249 0.03971 0.06285 0.03617 0.03151 0.02653 0.00367 0.01316
0.16957 0.00879 0.01711 0.02627 0.00748 0.03017 0.00912 0.01310 0.02641 0.01865 0.00844 0.02189 0.15638 0.01972 0.01850 0.28470 0.13144 0.02335 0.00203 0.00689
0.03958 0.01026 0.00639 0.01129 0.04474 0.01261 0.01186 0.17127 0.01381 0.27958 0.03067 0.01162 0.00910 0.01266 0.01363 0.02489 0.03153 0.06359 0.08161 0.11932
0.05555 0.00644 0.10094 0.06451 0.01380 0.02466 0.01979 0.02521 0.06680 0.17388 0.01611 0.03871 0.01648 0.04581 0.12726 0.05314 0.09832 0.03429 0.00385 0.01443
0.05235 0.00455 0.10549 0.07546 0.00904 0.02585 0.02044 0.01540 0.18527 0.11294 0.01166 0.13773 0.01683 0.04948 0.04415 0.05418 0.04136 0.02308 0.00292 0.01181
0.20657 0.00420 0.11665 0.17259 0.00808 0.02609 0.01898 0.01364 0.06196 0.02233 0.01031 0.04355 0.01623 0.04566 0.03711 0.05151 0.11047 0.02079 0.00258 0.01068
0.04687 0.00582 0.12228 0.05804 0.01639 0.02337 0.01666 0.02193 0.04755 0.03176 0.01329 0.03495 0.01434 0.03557 0.03007 0.04459 0.20988 0.02968 0.00399 0.19298
0.04953 0.00451 0.05125 0.14438 0.00962 0.02546 0.01923 0.01565 0.06335 0.02501 0.01134 0.19650 0.07736 0.04570 0.03878 0.05104 0.03885 0.02301 0.00291 0.10653
0.02216 0.00573 0.00621 0.00920 0.41527 0.00926 0.01639 0.02437 0.01082 0.04029 0.01320 0.01077 0.00639 0.01038 0.01020 0.16271 0.01724 0.02839 0.10739 0.07363
0.05116 0.00513 0.26966 0.06965 0.00753 0.02890 0.01631 0.01274 0.04909 0.02004 0.00903 0.04120 0.01611 0.03809 0.02938 0.18234 0.12178 0.02030 0.00228 0.00928
0.19285 0.00706 0.03460 0.05082 0.00894 0.24796 0.01520 0.01589 0.14002 0.02391 0.01065 0.03326 0.01603 0.03495 0.03611 0.05368 0.04057 0.02503 0.00268 0.00978
0.03596 0.00612 0.01605 0.03172 0.01754 0.01692 0.01588 0.03286 0.07721 0.22093 0.01850 0.02263 0.01159 0.03438 0.32664 0.03089 0.02922 0.03641 0.00423 0.01432
0.02845 0.00785 0.00482 0.00823 0.03097 0.00764 0.00507 0.26060 0.00979 0.15734 0.29402 0.00683 0.00620 0.00869 0.00902 0.01414 0.02243 0.10253 0.00388 0.01150
0.04694 0.00859 0.01696 0.03033 0.01801 0.01975 0.01402 0.05358 0.05606 0.05448 0.01919 0.02226 0.01252 0.02885 0.19643 0.03666 0.03566 0.31117 0.00422 0.01432
0.04676 0.00462 0.24037 0.07610 0.00665 0.03080 0.01541 0.01057 0.04142 0.01672 0.00725 0.04427 0.01603 0.03505 0.02380 0.32388 0.03268 0.01728 0.00197 0.00838
0.04878 0.00680 0.04301 0.29030 0.01385 0.02421 0.01559 0.04280 0.04847 0.04179 0.01536 0.03439 0.01456 0.03448 0.03199 0.04380 0.03686 0.19719 0.00333 0.01243
0.02987 0.00889 0.00391 0.00617 0.01731 0.00618 0.00289 0.41008 0.00660 0.08405 0.02247 0.00523 0.00485 0.00510 0.00556 0.01082 0.02289 0.33801 0.00208 0.00704
0.06399 0.01058 0.01567 0.02044 0.01277 0.34874 0.00834 0.03714 0.02044 0.03478 0.01290 0.01919 0.01441 0.01543 0.01629 0.05004 0.04005 0.24640 0.00288 0.00954
0.02667 0.00687 0.00811 0.01141 0.03564 0.01142 0.00667 0.07617 0.01443 0.60000 0.03817 0.00898 0.00782 0.01099 0.01299 0.01629 0.02011 0.06655 0.00482 0.01588
0.02667 0.00687 0.00811 0.01141 0.03564 0.01142 0.00667 0.07617 0.01443 0.60000 0.03817 0.00898 0.00782 0.01099 0.01299 0.01629 0.02011 0.06655 0.00482 0.01588
0.02235 0.00614 0.00841 0.01023 0.58225 0.01271 0.01633 0.03701 0.01128 0.07558 0.01874 0.01130 0.00802 0.01059 0.01103 0.01762 0.01644 0.03640 0.01388 0.07370
0.03510 0.00925 0.00778 0.01109 0.02549 0.01151 0.00566 0.49945 0.01305 0.11155 0.02837 0.00913 0.00764 0.00949 0.01118 0.01807 0.02604 0.14414 0.00359 0.01240
0.06873 0.01092 0.02158 0.02653 0.01259 0.03550 0.00996 0.02861 0.02786 0.03329 0.01178 0.02333 0.01693 0.01909 0.02221 0.05586 0.52138 0.04065 0.00311 0.01008
0.02112 0.00559 0.01182 0.01419 0.08876 0.01353 0.02078 0.02193 0.01651 0.04206 0.01161 0.01446 0.00844 0.01342 0.01500 0.01929 0.01577 0.02446 0.01699 0.60424
0.05134 0.00521 0.05668 0.07793 0.00954 0.02952 0.02270 0.01634 0.21439 0.02708 0.01174 0.20457 0.01811 0.05342 0.06857 0.05280 0.04023 0.02389 0.00336 0.01258
0.02112 0.00559 0.01182 0.01419 0.08876 0.01353 0.02078 0.02193 0.01651 0.04206 0.01161 0.01446 0.00844 0.01342 0.01500 0.01929 0.01577 0.02446 0.01699 0.60424
0.02667 0.00687 0.00811 0.01141 0.03564 0.01142 0.00667 0.07617 0.01443 0.60000 0.03817 0.00898 0.00782 0.01099 0.01299 0.01629 0.02011 0.06655 0.00482 0.01588
0.03818 0.00540 0.03940 0.04906 0.01177 0.02537 0.01546 0.01569 0.06009 0.02693 0.00956 0.03109 0.01433 0.50988 0.04597 0.03668 0.02813 0.02097 0.00352 0.01252
0.07263 0.00891 0.05420 0.06655 0.01095 0.03913 0.01736 0.01752 0.05265 0.02607 0.01142 0.18426 0.02024 0.03867 0.03467 0.25256 0.04852 0.02880 0.00307 0.01182
0.03803 0.01076 0.00583 0.00942 0.02270 0.00891 0.00463 0.27324 0.01038 0.10437 0.02835 0.00784 0.00670 0.00802 0.00867 0.01607 0.02914 0.39385 0.00300 0.01008
0.07356 0.00912 0.05281 0.06492 0.01101 0.03942 0.01710 0.01763 0.05173 0.02612 0.01144 0.15514 0.02027 0.03796 0.03425 0.28473 0.04886 0.02908 0.00307 0.01178
0.06393 0.00662 0.05012 0.16505 0.01356 0.03023 0.02520 0.02462 0.15979 0.03820 0.06011 0.04940 0.02014 0.05981 0.06388 0.06368 0.05102 0.03452 0.00420 0.01590
0.03784 0.01075 0.00575 0.00929 0.02270 0.00879 0.00457 0.30044 0.01021 0.10481 0.02842 0.00773 0.00664 0.00791 0.00855 0.01585 0.02901 0.36771 0.00299 0.01002
0.04221 0.00299 0.33263 0.22542 0.00615 0.03503 0.01937 0.00963 0.04869 0.01630 0.00682 0.06044 0.01826 0.04429 0.02570 0.04877 0.03128 0.01510 0.00192 0.00899
0.06315 0.00742 0.04649 0.06842 0.01153 0.03252 0.02122 0.02032 0.17727 0.03127 0.01358 0.04335 0.01916 0.04910 0.05984 0.24172 0.04653 0.03016 0.00364 0.01332
0.01747 0.00570 0.00686 0.00855 0.27731 0.00913 0.02776 0.02511 0.01022 0.05261 0.01419 0.01325 0.00684 0.01190 0.01081 0.01681 0.01411 0.02669 0.02499 0.41969
0.03818 0.00540 0.03940 0.04906 0.01177 0.02537 0.01546 0.01569 0.06009 0.02693 0.00956 0.03109 0.01433 0.50988 0.04597 0.03668 0.02813 0.02097 0.00352 0.01252
0.04900 0.00515 0.04963 0.07194 0.00921 0.02792 0.02292 0.01611 0.32257 0.02714 0.01168 0.10850 0.01750 0.05407 0.07834 0.05019 0.03894 0.02333 0.00344 0.01242
0.02667 0.00687 0.00811 0.01141 0.03564 0.01142 0.00667 0.07617 0.01443 0.60000 0.03817 0.00898 0.00782 0.01099 0.01299 0.01629 0.02011 0.06655 0.00482 0.01588
0.03134 0.00372 0.61271 0.06939 0.00649 0.02855 0.01299 0.00886 0.02985 0.01399 0.00513 0.03925 0.01445 0.02745 0.01712 0.03362 0.02203 0.01318 0.00219 0.00769
0.04870 0.00446 0.19065 0.09422 0.01189 0.03267 0.22779 0.01448 0.05931 0.02364 0.01000 0.05357 0.01836 0.04646 0.03552 0.05221 0.03688 0.02137 0.00327 0.01456
0.03284 0.00921 0.00574 0.00965 0.03402 0.00840 0.00555 0.33515 0.01130 0.27595 0.04162 0.00777 0.00689 0.00968 0.01008 0.01542 0.02584 0.13774 0.00419 0.01294
0.02235 0.00614 0.00841 0.01023 0.58225 0.01271 0.01633 0.03701 0.01128 0.07558 0.01874 0.01130 0.00802 0.01059 0.01103 0.01762 0.01644 0.03640 0.01388 0.07370
0.05128 0.00475 0.07468 0.27698 0.01102 0.03170 0.11820 0.01603 0.07355 0.02622 0.01130 0.05256 0.01869 0.05096 0.04750 0.05427 0.03974 0.02340 0.00332 0.01385
0.03401 0.00490 0.02786 0.04282 0.00826 0.02224 0.01752 0.01417 0.54565 0.02366 0.00908 0.02870 0.01367 0.03972 0.07480 0.03312 0.02697 0.01928 0.00334 0.01024
0.03803 0.01076 0.00583 0.00942 0.02270 0.00891 0.00463 0.27324 0.01038 0.10437 0.02835 0.00784 0.00670 0.00802 0.00867 0.01607 0.02914 0.39385 0.00300 0.01008
0.04713 0.01124 0.01006 0.01703 0.02443 0.01467 0.00883 0.18628 0.01903 0.08376 0.02712 0.01381 0.14658 0.01468 0.01547 0.02825 0.03597 0.27629 0.00447 0.01489
0.05590 0.00706 0.11711 0.06728 0.01566 0.02729 0.01884 0.02916 0.05678 0.17539 0.01695 0.04042 0.14151 0.04191 0.03616 0.05243 0.04293 0.03820 0.00398 0.01501
0.03577 0.00339 0.39005 0.07291 0.00550 0.02730 0.01376 0.00842 0.03490 0.01370 0.00567 0.04131 0.21093 0.03086 0.01948 0.03836 0.02546 0.01336 0.00173 0.00713
0.04468 0.00929 0.01725 0.02705 0.03447 0.01759 0.16356 0.30075 0.03479 0.07214 0.02401 0.02013 0.01159 0.02280 0.02764 0.03311 0.03463 0.06870 0.00692 0.02890
0.03556 0.00405 0.02927 0.04996 0.00850 0.02004 0.17504 0.01298 0.35608 0.02320 0.00975 0.03235 0.01344 0.04680 0.08375 0.03643 0.02970 0.01818 0.00330 0.01163
0.05414 0.00547 0.04438 0.07134 0.01070 0.02679 0.13865 0.01812 0.15088 0.02930 0.01309 0.04292 0.01743 0.05196 0.05982 0.17910 0.04279 0.02631 0.00349 0.01331
0.01951 0.00470 0.01049 0.01508 0.07638 0.01083 0.23093 0.01735 0.02238 0.03331 0.01020 0.01417 0.00730 0.01515 0.01912 0.01835 0.01543 0.02018 0.35744 0.08170
0.03450 0.00655 0.02029 0.02637 0.35763 0.01705 0.01768 0.02636 0.02453 0.04262 0.01404 0.20503 0.01030 0.01934 0.01866 0.03002 0.02540 0.03187 0.01137 0.06037
0.05401 0.01219 0.01431 0.02490 0.03140 0.01799 0.13410 0.15194 0.02891 0.08615 0.03053 0.01921 0.01241 0.02161 0.02316 0.03610 0.04240 0.22981 0.00641 0.02244
0.04053 0.00442 0.04254 0.06017 0.01310 0.02314 0.17216 0.01450 0.07958 0.02479 0.01029 0.03685 0.01451 0.29085 0.05890 0.04148 0.03222 0.02041 0.00379 0.01579
0.01951 0.00470 0.01049 0.01508 0.07638 0.01083 0.23093 0.01735 0.02238 0.03331 0.01020 0.01417 0.00730 0.01515 0.01912 0.01835 0.01543 0.02018 0.35744 0.08170
0.03877 0.00375 0.06784 0.37462 0.00593 0.21411 0.01470 0.00954 0.04126 0.01544 0.00655 0.04152 0.01461 0.03340 0.02454 0.04090 0.02795 0.01500 0.00191 0.00767
0.01660 0.00430 0.01039 0.01374 0.09568 0.00937 0.22566 0.01599 0.01705 0.03314 0.00954 0.01402 0.00656 0.01374 0.01476 0.01688 0.01327 0.01820 0.01810 0.43299
0.02610 0.00689 0.00724 0.01114 0.06612 0.00984 0.01449 0.04978 0.01401 0.39005 0.02727 0.01113 0.00731 0.01222 0.01293 0.01841 0.02077 0.04761 0.01165 0.23502
0.01065 0.00398 0.00448 0.00498 0.45646 0.00626 0.02266 0.01640 0.00614 0.03734 0.00957 0.00963 0.00480 0.00824 0.00722 0.01130 0.00871 0.01707 0.02091 0.33319
0.05645 0.00579 0.05336 0.07470 0.01133 0.02941 0.14663 0.01746 0.06688 0.02752 0.01226 0.11432 0.01774 0.04671 0.04274 0.19132 0.04266 0.02599 0.00331 0.01343
0.04053 0.00442 0.04254 0.06017 0.01310 0.02314 0.17216 0.01450 0.07958 0.02479 0.01029 0.03685 0.01451 0.29085 0.05890 0.04148 0.03222 0.02041 0.00379 0.01579
0.01989 0.00409 0.01007 0.01042 0.00441 0.01574 0.00397 0.00541 0.00915 0.00880 0.00290 0.00836 0.83986 0.00638 0.00813 0.01630 0.01209 0.00847 0.00174 0.00382
0.19546 0.01049 0.02763 0.04545 0.02191 0.02701 0.13955 0.04271 0.04864 0.05445 0.02202 0.03107 0.01658 0.03435 0.03431 0.05356 0.04812 0.12290 0.00521 0.01858
0.03739 0.00754 0.01699 0.02642 0.04027 0.01601 0.17874 0.04286 0.03619 0.34505 0.02371 0.01945 0.01071 0.02282 0.02890 0.02957 0.02928 0.04569 0.00774 0.03466
0.01696 0.00347 0.01623 0.01841 0.01733 0.01417 0.75564 0.00739 0.02154 0.01384 0.00443 0.01283 0.00772 0.01245 0.01771 0.01562 0.01197 0.00978 0.00414 0.01836
0.01788 0.00485 0.00857 0.01134 0.42390 0.00930 0.22442 0.01997 0.01333 0.03994 0.01144 0.01274 0.00650 0.01212 0.01211 0.01676 0.01410 0.02214 0.01783 0.10078
0.05685 0.01024 0.01786 0.02661 0.02392 0.02427 0.01178 0.04711 0.02984 0.32906 0.02294 0.02115 0.01366 0.02129 0.02326 0.20309 0.03970 0.05554 0.00478 0.01704
0.04182 0.00597 0.03982 0.31283 0.18885 0.02192 0.01704 0.02727 0.04289 0.04286 0.01504 0.03195 0.01345 0.03178 0.02849 0.03910 0.03218 0.03345 0.00590 0.02739
0.03450 0.00655 0.02029 0.02637 0.35763 0.01705 0.01768 0.02636 0.02453 0.04262 0.01404 0.20503 0.01030 0.01934 0.01866 0.03002 0.02540 0.03187 0.01137 0.06037
0.04307 0.00412 0.06119 0.07350 0.00802 0.02714 0.01799 0.01218 0.06351 0.02029 0.00871 0.29545 0.01557 0.19751 0.04274 0.04511 0.03262 0.01832 0.00256 0.01041
0.01660 0.00430 0.01039 0.01374 0.09568 0.00937 0.22566 0.01599 0.01705 0.03314 0.00954 0.01402 0.00656 0.01374 0.01476 0.01688 0.01327 0.01820 0.01810 0.43299
0.04307 0.00412 0.06119 0.07350 0.00802 0.02714 0.01799 0.01218 0.06351 0.02029 0.00871 0.29545 0.01557 0.19751 0.04274 0.04511 0.03262 0.01832 0.00256 0.01041
0.01788 0.00485 0.00857 0.01134 0.42390 0.00930 0.22442 0.01997 0.01333 0.03994 0.01144 0.01274 0.00650 0.01212 0.01211 0.01676 0.01410 0.02214 0.01783 0.10078
0.07875 0.35380 0.01078 0.01388 0.00983 0.03753 0.00698 0.01826 0.01571 0.02258 0.00952 0.01842 0.01663 0.01242 0.01373 0.27370 0.04594 0.03157 0.00238 0.00759
0.05625 0.00654 0.04451 0.05996 0.00962 0.02987 0.01687 0.01561 0.05918 0.02431 0.01058 0.03781 0.01668 0.19192 0.04056 0.30177 0.03992 0.02421 0.00287 0.01098
0.05473 0.01052 0.01456 0.02317 0.02443 0.02189 0.01086 0.05969 0.02757 0.08502 0.27396 0.01882 0.01280 0.01972 0.02195 0.04026 0.19192 0.06817 0.00464 0.01531
0.02589 0.00740 0.00394 0.00697 0.12535 0.00688 0.00542 0.24895 0.00806 0.35528 0.04391 0.00609 0.00603 0.00840 0.00815 0.01296 0.02089 0.08022 0.00470 0.01449
0.04763 0.00772 0.03536 0.19318 0.01578 0.02197 0.01379 0.05749 0.04136 0.04904 0.01734 0.02929 0.01333 0.02934 0.02821 0.03957 0.03592 0.30744 0.00351 0.01274
0.03207 0.00827 0.00814 0.01267 0.06146 0.01148 0.01480 0.22883 0.01547 0.08129 0.02394 0.01246 0.00816 0.01306 0.01396 0.02171 0.02517 0.06820 0.01131 0.32755
0.03878 0.00507 0.04557 0.22057 0.02953 0.02226 0.01835 0.01969 0.04678 0.03113 0.01180 0.03443 0.01343 0.03343 0.03140 0.03838 0.03001 0.02569 0.00638 0.29734
0.04988 0.01105 0.01397 0.02508 0.02558 0.01663 0.01218 0.16103 0.03337 0.08133 0.02778 0.01863 0.01157 0.02209 0.15247 0.03327 0.03920 0.24247 0.00516 0.01725
0.16483 0.01042 0.01953 0.03148 0.02278 0.02474 0.01361 0.03852 0.03345 0.05007 0.02010 0.02382 0.01441 0.02475 0.02476 0.04728 0.16437 0.05009 0.00516 0.21584
0.04469 0.20890 0.00673 0.01164 0.15367 0.01408 0.00929 0.08408 0.01384 0.08693 0.02852 0.01156 0.00945 0.01197 0.01306 0.02688 0.03420 0.20293 0.00595 0.02163
0.15511 0.00863 0.01534 0.02437 0.31668 0.01708 0.08807 0.03694 0.02644 0.05333 0.01971 0.01933 0.01106 0.02046 0.02060 0.03341 0.03252 0.04513 0.00960 0.04618
