202
1
0 1.0
20
0.07879 0.01516 0.05352 0.06683 0.03971 0.06951 0.02292 0.05901 0.05944 0.09637 0.02377 0.04144 0.04829 0.03956 0.05410 0.06834 0.05407 0.06734 0.01141 0.03041
0.07051 0.01142 0.02427 0.03755 0.02103 0.03102 0.01468 0.04098 0.04105 0.05648 0.13736 0.02837 0.01715 0.02890 0.03023 0.28570 0.04872 0.05309 0.00474 0.01675
0.05908 0.00717 0.04342 0.06300 0.01212 0.03005 0.01924 0.02198 0.07153 0.03295 0.01369 0.03979 0.01769 0.26038 0.05052 0.05572 0.15384 0.03125 0.00353 0.01305
0.05822 0.00678 0.04261 0.06302 0.01020 0.03014 0.01967 0.01789 0.19070 0.02793 0.01218 0.04003 0.01772 0.04569 0.05685 0.27531 0.04282 0.02689 0.00330 0.01204
0.02490 0.00568 0.01312 0.01942 0.08318 0.01310 0.18246 0.02163 0.02798 0.03990 0.01262 0.01732 0.00885 0.01882 0.02338 0.02297 0.01971 0.02542 0.33096 0.08859
0.04367 0.00781 0.02318 0.03667 0.02821 0.01879 0.01488 0.05189 0.05036 0.32873 0.02925 0.02451 0.01264 0.14449 0.03874 0.03548 0.03436 0.05258 0.00524 0.01852
0.05441 0.01037 0.01812 0.02708 0.02282 0.02259 0.01136 0.19643 0.03006 0.07437 0.02354 0.02063 0.26447 0.02116 0.02313 0.04029 0.03882 0.08043 0.00448 0.01547
0.05289 0.00603 0.03888 0.05877 0.00900 0.02754 0.01877 0.01579 0.24736 0.02524 0.01105 0.03733 0.01640 0.04394 0.05742 0.25637 0.03929 0.02387 0.00304 0.01103
0.04787 0.00866 0.02243 0.16983 0.02674 0.01836 0.01427 0.05613 0.04038 0.26185 0.08098 0.02449 0.01280 0.02899 0.02879 0.03789 0.03802 0.05966 0.00506 0.01680
0.01984 0.00252 0.04274 0.74372 0.00418 0.01825 0.00867 0.00593 0.02323 0.00976 0.00354 0.02437 0.00944 0.01842 0.01490 0.02112 0.01422 0.00865 0.00155 0.00495
0.02146 0.00338 0.02339 0.02754 0.00687 0.01618 0.00885 0.00803 0.03428 0.01456 0.00498 0.01771 0.00885 0.72054 0.02703 0.02046 0.01544 0.01092 0.00221 0.00733
0.32251 0.01018 0.00980 0.01495 0.01884 0.01792 0.00724 0.25917 0.01659 0.06717 0.02104 0.01337 0.01018 0.01258 0.01356 0.03200 0.03383 0.10442 0.00338 0.01126
0.30264 0.01033 0.01551 0.01777 0.00621 0.40595 0.00649 0.01094 0.01550 0.01454 0.00648 0.01921 0.01552 0.01260 0.01252 0.05798 0.04075 0.02233 0.00166 0.00508
0.01005 0.00367 0.00446 0.00511 0.10261 0.00613 0.02099 0.01395 0.00673 0.03153 0.00824 0.00919 0.00460 0.00801 0.00751 0.01077 0.00819 0.01490 0.38424 0.33913
0.20118 0.01076 0.02016 0.03440 0.02095 0.02428 0.01438 0.05163 0.04146 0.05665 0.02214 0.02515 0.01477 0.02806 0.08479 0.04732 0.04463 0.23603 0.00485 0.01642
0.05446 0.24177 0.03118 0.05068 0.01288 0.02567 0.01766 0.02374 0.15908 0.03414 0.01450 0.08893 0.01570 0.03963 0.04994 0.04956 0.04081 0.03290 0.00370 0.01309
0.02986 0.00671 0.01168 0.01918 0.07069 0.01259 0.30929 0.03015 0.02577 0.11957 0.01683 0.01666 0.00888 0.01855 0.02116 0.02484 0.02389 0.03503 0.12611 0.07259
0.03287 0.00569 0.01431 0.02868 0.01660 0.01559 0.01477 0.03104 0.07319 0.23528 0.01759 0.02069 0.01071 0.03197 0.34491 0.02811 0.02677 0.03392 0.00397 0.01333
0.04091 0.38541 0.26691 0.03398 0.00836 0.02355 0.00919 0.01567 0.02360 0.01958 0.00771 0.02269 0.01201 0.01876 0.01594 0.03593 0.02705 0.02267 0.00229 0.00778
0.04899 0.10160 0.00944 0.01635 0.04566 0.01632 0.01397 0.12424 0.01958 0.08366 0.02967 0.01540 0.01117 0.01639 0.01771 0.03202 0.03825 0.08132 0.00907 0.26919
0.03186 0.00303 0.41945 0.06780 0.00434 0.24496 0.01196 0.00643 0.02804 0.01067 0.00436 0.03836 0.01288 0.02653 0.01500 0.03436 0.02202 0.01075 0.00139 0.00580
0.00571 0.00272 0.00052 0.00087 0.00472 0.00150 0.00069 0.01191 0.00146 0.07007 0.87516 0.00275 0.00100 0.00120 0.00350 0.00260 0.00307 0.00839 0.00056 0.00159
0.03885 0.02973 0.01827 0.05367 0.01306 0.04810 0.03217 0.02618 0.12358 0.06550 0.01438 0.23130 0.06094 0.02133 0.08592 0.03475 0.07306 0.01870 0.00475 0.00577
0.06571 0.00287 0.06132 0.04686 0.01055 0.05724 0.01857 0.03514 0.19821 0.05501 0.00773 0.07729 0.01933 0.02565 0.07497 0.09316 0.11342 0.02727 0.00208 0.00763
0.10271 0.00634 0.03276 0.16012 0.01567 0.04091 0.01175 0.02341 0.08990 0.11485 0.01213 0.02771 0.05720 0.04647 0.12085 0.08166 0.02112 0.01978 0.00613 0.00853
0.03206 0.00284 0.02348 0.10011 0.01587 0.02457 0.01278 0.03346 0.10621 0.08283 0.05380 0.02883 0.02886 0.03289 0.15711 0.10599 0.06394 0.08136 0.00336 0.00967
0.08179 0.01123 0.03043 0.02686 0.03474 0.07743 0.00750 0.05017 0.06196 0.18574 0.00826 0.03350 0.01187 0.14226 0.03534 0.08131 0.03729 0.06553 0.00443 0.01238
0.11505 0.00648 0.03825 0.03728 0.01305 0.01424 0.01341 0.02492 0.06529 0.13801 0.01627 0.07271 0.01016 0.02560 0.05492 0.02305 0.04414 0.17752 0.00126 0.10839
0.25218 0.00327 0.06467 0.03138 0.04397 0.05988 0.01127 0.02588 0.05863 0.11135 0.02140 0.03694 0.04863 0.02806 0.08596 0.03282 0.04453 0.01944 0.00107 0.01866
0.05299 0.00225 0.02775 0.03655 0.02206 0.02411 0.01652 0.07594 0.08547 0.10402 0.01053 0.07705 0.02545 0.03529 0.10152 0.05156 0.12968 0.08671 0.00258 0.03196
0.10919 0.01103 0.09149 0.03357 0.01550 0.03011 0.00918 0.13300 0.07903 0.06889 0.01490 0.02791 0.00640 0.02935 0.13752 0.05041 0.02669 0.03851 0.02179 0.06554
0.05889 0.00439 0.02374 0.06575 0.02468 0.06312 0.00973 0.11093 0.05448 0.05853 0.01128 0.04123 0.01582 0.03058 0.02541 0.17481 0.16329 0.04304 0.00372 0.01658
0.17132 0.00800 0.03869 0.03914 0.08263 0.13532 0.00954 0.07237 0.04086 0.10031 0.01536 0.02599 0.01789 0.07733 0.04237 0.04030 0.03208 0.02815 0.00155 0.02080
0.05678 0.00638 0.01741 0.03168 0.05386 0.02057 0.05391 0.06488 0.03399 0.19016 0.00830 0.02415 0.08511 0.02024 0.07152 0.08264 0.08922 0.05400 0.01300 0.02220
0.21829 0.06306 0.02706 0.02788 0.03543 0.02505 0.01407 0.06823 0.03039 0.21897 0.02131 0.02164 0.02793 0.01555 0.02671 0.04417 0.04524 0.05301 0.00517 0.01083
0.04156 0.01384 0.02026 0.03468 0.04273 0.07210 0.00801 0.09018 0.05073 0.11309 0.01317 0.01344 0.00975 0.07198 0.04994 0.10251 0.14233 0.05297 0.00523 0.05150
0.09597 0.01037 0.04157 0.04337 0.03876 0.14043 0.01966 0.08847 0.04846 0.17325 0.01838 0.02392 0.01240 0.05028 0.03232 0.03795 0.02559 0.08268 0.00576 0.01041
0.24243 0.01082 0.02246 0.03825 0.04704 0.02561 0.00792 0.09359 0.04349 0.13966 0.01241 0.02230 0.03504 0.01705 0.03397 0.06195 0.05233 0.07662 0.00531 0.01174
0.21880 0.01068 0.02700 0.03417 0.05741 0.05378 0.02486 0.04711 0.04783 0.06931 0.02560 0.07518 0.02017 0.02872 0.03696 0.04199 0.02650 0.09732 0.00532 0.05130
0.10582 0.00849 0.08629 0.04952 0.02345 0.03071 0.01438 0.06333 0.04153 0.08595 0.01419 0.07584 0.01797 0.06210 0.03072 0.14678 0.03554 0.09004 0.00137 0.01595
0.04493 0.01917 0.01215 0.01372 0.03861 0.02736 0.00767 0.08607 0.01344 0.25202 0.02430 0.06794 0.01667 0.00980 0.03150 0.08739 0.05607 0.15795 0.01228 0.02094
0.06475 0.00378 0.02797 0.04350 0.01711 0.06684 0.01516 0.01752 0.05086 0.10640 0.01158 0.03354 0.12773 0.05073 0.03836 0.13806 0.03550 0.07893 0.00476 0.06693
0.09607 0.01038 0.02957 0.05053 0.08661 0.01927 0.02386 0.03763 0.09259 0.20347 0.01961 0.04151 0.04129 0.02482 0.02605 0.08701 0.03174 0.05195 0.00159 0.02444
0.08411 0.02550 0.07980 0.04774 0.01784 0.03368 0.01301 0.05709 0.04434 0.22602 0.01176 0.02764 0.06856 0.07845 0.04692 0.04849 0.02375 0.04667 0.00144 0.01718
0.11990 0.01034 0.08336 0.09189 0.01234 0.04703 0.00932 0.07932 0.03725 0.16042 0.01556 0.05808 0.01647 0.02990 0.04135 0.04285 0.03416 0.02555 0.00996 0.07496
0.06506 0.00281 0.02778 0.09874 0.07715 0.03334 0.03237 0.09204 0.05232 0.05671 0.12298 0.02131 0.05495 0.02416 0.03857 0.09297 0.03249 0.04694 0.00756 0.01974
0.09282 0.11250 0.01917 0.04114 0.05733 0.02393 0.01866 0.13548 0.03753 0.09170 0.02295 0.07980 0.01315 0.02001 0.03684 0.09699 0.03133 0.04978 0.00206 0.01683
0.21839 0.01494 0.02827 0.03450 0.01889 0.04014 0.01677 0.07981 0.06992 0.08520 0.02807 0.10028 0.02810 0.02572 0.04483 0.07767 0.03436 0.03713 0.00447 0.01255
0.03977 0.00710 0.06949 0.05189 0.03306 0.02855 0.01551 0.16173 0.03178 0.07507 0.01921 0.13805 0.00834 0.03939 0.04772 0.11164 0.04105 0.04933 0.00465 0.02666
0.08331 0.02266 0.02161 0.02383 0.04560 0.09454 0.01704 0.04635 0.02807 0.26949 0.01306 0.07700 0.02735 0.02857 0.04008 0.04542 0.04841 0.04365 0.00480 0.01919
0.05610 0.00897 0.03700 0.03835 0.06950 0.03894 0.01076 0.25076 0.04173 0.11900 0.01926 0.02326 0.05013 0.02007 0.03260 0.04187 0.04267 0.06889 0.00219 0.02793
0.19071 0.01047 0.02753 0.05258 0.01097 0.04879 0.01240 0.03885 0.06854 0.05538 0.03709 0.09446 0.13013 0.03495 0.02662 0.05450 0.04454 0.03629 0.00439 0.02079
0.09979 0.00402 0.01632 0.03308 0.03098 0.03722 0.00802 0.09065 0.03927 0.07093 0.02098 0.01749 0.02121 0.03353 0.03363 0.08449 0.08124 0.21682 0.01283 0.04750
0.05452 0.00711 0.03634 0.10942 0.15668 0.04763 0.01928 0.03468 0.04163 0.12321 0.01852 0.03835 0.03039 0.02366 0.02856 0.04264 0.04889 0.08223 0.03942 0.01685
0.05463 0.00376 0.02722 0.10889 0.03031 0.03676 0.01459 0.03199 0.10298 0.05817 0.00970 0.03938 0.04744 0.05279 0.04621 0.17493 0.03339 0.10532 0.00562 0.01593
0.08443 0.00213 0.03984 0.05650 0.01381 0.01898 0.04349 0.02190 0.05456 0.10350 0.02648 0.08678 0.04463 0.09122 0.03511 0.15516 0.05765 0.04496 0.00137 0.01750
0.06375 0.00630 0.03555 0.06052 0.01731 0.03110 0.01333 0.03190 0.12141 0.21193 0.00943 0.07001 0.01956 0.03785 0.11502 0.03660 0.05384 0.03105 0.00911 0.02442
0.09796 0.01543 0.03596 0.06163 0.04737 0.03330 0.01761 0.10467 0.15437 0.06166 0.04218 0.09898 0.01895 0.03125 0.02793 0.06107 0.03422 0.03200 0.00297 0.02049
0.08809 0.02181 0.04167 0.08120 0.01792 0.04043 0.06160 0.02537 0.12487 0.07031 0.00938 0.10008 0.02029 0.03942 0.04655 0.09473 0.04849 0.04314 0.01202 0.01264
0.05659 0.00406 0.03417 0.09914 0.02194 0.04178 0.01554 0.04874 0.06360 0.04501 0.01884 0.08937 0.05787 0.16054 0.07311 0.06633 0.04786 0.04100 0.00153 0.01300
0.11071 0.01900 0.03109 0.04891 0.05017 0.01628 0.01243 0.04747 0.07842 0.12364 0.02103 0.04165 0.07764 0.02117 0.02633 0.04476 0.04055 0.11768 0.00245 0.06860
0.06154 0.01555 0.04151 0.12193 0.02485 0.05358 0.01911 0.06487 0.07704 0.07491 0.02945 0.04711 0.02219 0.04199 0.11275 0.08945 0.04524 0.03324 0.01209 0.01160
0.06526 0.00413 0.05653 0.07639 0.01458 0.05111 0.01924 0.10239 0.10070 0.04467 0.00797 0.04881 0.01789 0.05249 0.06427 0.08300 0.05347 0.03422 0.06975 0.03313
0.05498 0.00289 0.07819 0.04298 0.01786 0.03594 0.01756 0.09224 0.06886 0.11866 0.01416 0.05273 0.01034 0.10220 0.04024 0.08114 0.05651 0.06966 0.00528 0.03757
0.19364 0.00870 0.02697 0.07048 0.02717 0.01553 0.01548 0.04010 0.04958 0.09588 0.04137 0.03784 0.05679 0.02364 0.04832 0.05857 0.06459 0.10308 0.00871 0.01357
0.09079 0.00312 0.03245 0.05152 0.05922 0.08207 0.01651 0.04509 0.04925 0.08944 0.01332 0.12834 0.01384 0.03470 0.05010 0.06126 0.06665 0.09271 0.00414 0.01548
0.07984 0.00571 0.03728 0.06532 0.04163 0.03716 0.01874 0.11073 0.04286 0.07643 0.01368 0.02649 0.08716 0.04344 0.06147 0.05305 0.07035 0.08320 0.00850 0.03696
0.09240 0.01562 0.03405 0.06108 0.02126 0.03717 0.02151 0.02969 0.06870 0.04291 0.01412 0.10304 0.04019 0.09817 0.10430 0.05469 0.09076 0.04496 0.00419 0.02119
0.10245 0.00253 0.05843 0.13110 0.00912 0.07817 0.02463 0.09596 0.08125 0.04064 0.00828 0.03546 0.02343 0.03271 0.04747 0.07228 0.07257 0.05244 0.01390 0.01718
0.05494 0.00250 0.04977 0.11738 0.03607 0.09177 0.02335 0.02476 0.06944 0.05286 0.00980 0.04906 0.03934 0.10781 0.04743 0.07595 0.04866 0.06712 0.01395 0.01801
0.14206 0.01098 0.04169 0.06144 0.01913 0.06387 0.01539 0.02784 0.07966 0.08190 0.00951 0.03148 0.03452 0.11632 0.07630 0.04465 0.04155 0.04026 0.04488 0.01657
0.10722 0.01740 0.03012 0.12647 0.01451 0.04438 0.01671 0.04801 0.07127 0.15689 0.00880 0.05015 0.03252 0.04894 0.04724 0.05785 0.05008 0.04739 0.00172 0.02234
0.10482 0.00269 0.03713 0.14563 0.02141 0.02590 0.01797 0.05945 0.05056 0.05049 0.02277 0.05203 0.02404 0.05566 0.06047 0.06341 0.08583 0.04006 0.04784 0.03184
0.06035 0.00496 0.04636 0.06580 0.03385 0.03930 0.01371 0.02630 0.05602 0.12884 0.03628 0.05043 0.02320 0.03515 0.03990 0.12871 0.06966 0.10402 0.00412 0.03306
0.08116 0.01047 0.12820 0.08933 0.02737 0.05276 0.02218 0.10127 0.09679 0.02984 0.01084 0.02978 0.02787 0.05752 0.04112 0.09079 0.02945 0.03256 0.00167 0.03902
0.18443 0.01017 0.04754 0.05303 0.05483 0.02983 0.01128 0.03743 0.09301 0.06494 0.03888 0.06649 0.03341 0.04075 0.04526 0.08758 0.05164 0.03290 0.00182 0.01476
0.06199 0.00542 0.11739 0.05570 0.03711 0.03642 0.01577 0.11359 0.08795 0.11333 0.01604 0.02961 0.03723 0.03023 0.05841 0.05213 0.04011 0.07172 0.00200 0.01785
0.12900 0.08836 0.04708 0.08306 0.02196 0.05698 0.02159 0.04450 0.06179 0.06131 0.02194 0.05033 0.01158 0.05390 0.03640 0.05529 0.07344 0.05537 0.00397 0.02217
0.08041 0.00452 0.06282 0.05906 0.03825 0.06478 0.01532 0.09954 0.11183 0.06453 0.01951 0.05541 0.02706 0.11032 0.03738 0.05756 0.04299 0.02844 0.00405 0.01625
0.07277 0.00273 0.05578 0.05978 0.09724 0.07092 0.02257 0.06521 0.06118 0.05452 0.02364 0.03794 0.06031 0.10096 0.05293 0.06234 0.03706 0.03214 0.00174 0.02824
0.05289 0.00275 0.08291 0.13376 0.02092 0.02652 0.01515 0.12333 0.06513 0.10168 0.01808 0.06401 0.01312 0.05768 0.03299 0.06419 0.05970 0.04691 0.00175 0.01654
0.09646 0.00557 0.04110 0.07824 0.05823 0.03756 0.03698 0.04042 0.09146 0.03298 0.01596 0.03763 0.10661 0.03976 0.03726 0.05793 0.05322 0.08293 0.02328 0.02642
0.07403 0.02046 0.04264 0.09088 0.01971 0.09140 0.04376 0.03116 0.08137 0.11385 0.01280 0.03699 0.01393 0.03850 0.04248 0.06237 0.04235 0.03492 0.02187 0.08453
0.06142 0.02064 0.04192 0.09817 0.01905 0.03103 0.02786 0.04586 0.06623 0.09797 0.01297 0.17433 0.02809 0.03562 0.03926 0.06959 0.05514 0.04109 0.01512 0.01864
0.07158 0.02805 0.03442 0.08633 0.04074 0.06513 0.01770 0.04999 0.07573 0.04922 0.01740 0.03240 0.11200 0.05379 0.05778 0.05750 0.07161 0.04373 0.00203 0.03288
0.07178 0.00765 0.04000 0.07461 0.01739 0.06463 0.01244 0.04644 0.05478 0.07332 0.02024 0.11680 0.01977 0.07145 0.06511 0.06950 0.03706 0.11611 0.00201 0.01892
0.14296 0.01296 0.06217 0.06264 0.01934 0.05001 0.01270 0.03589 0.08339 0.07117 0.01282 0.07181 0.06974 0.04578 0.04174 0.09007 0.03091 0.04237 0.00192 0.03959
0.08207 0.00359 0.04992 0.04709 0.05029 0.04195 0.03441 0.09545 0.06026 0.06623 0.01203 0.02754 0.03729 0.12297 0.04015 0.05515 0.06503 0.08466 0.00219 0.02175
0.10046 0.00513 0.06617 0.10161 0.03170 0.03810 0.03780 0.09056 0.08190 0.04970 0.03737 0.05122 0.02848 0.03921 0.04517 0.07935 0.04277 0.04989 0.00193 0.02147
0.06321 0.00303 0.03034 0.12447 0.05747 0.06331 0.01386 0.06512 0.08673 0.06006 0.02464 0.05314 0.07939 0.03090 0.06036 0.05657 0.03882 0.06379 0.00592 0.01886
0.02008 0.00357 0.00381 0.00454 0.00875 0.00936 0.00253 0.01559 0.00518 0.60959 0.00877 0.00517 0.00457 0.00410 0.00478 0.25511 0.01241 0.01601 0.00138 0.00471
0.02099 0.00537 0.00294 0.00489 0.01024 0.00608 0.00307 0.17544 0.00559 0.03531 0.01156 0.00471 0.30829 0.00454 0.00503 0.01124 0.12678 0.25014 0.00181 0.00599
0.37850 0.00461 0.00668 0.00875 0.00363 0.21945 0.00334 0.00679 0.00816 0.00884 0.00388 0.14112 0.00680 0.00656 0.00629 0.02543 0.01859 0.13872 0.00092 0.00294
0.02469 0.00239 0.02033 0.03433 0.17028 0.01246 0.01135 0.00795 0.32964 0.01362 0.00606 0.12760 0.00837 0.12931 0.03581 0.02543 0.02005 0.01157 0.00180 0.00696
0.03364 0.00666 0.01115 0.01978 0.17220 0.10761 0.00937 0.03006 0.02387 0.13681 0.01604 0.01435 0.10890 0.01671 0.18707 0.02537 0.02641 0.03699 0.00380 0.01322
0.02536 0.00284 0.02621 0.14903 0.00465 0.19385 0.00806 0.00815 0.02449 0.01230 0.11681 0.01959 0.31334 0.01838 0.01533 0.02464 0.01843 0.01206 0.00133 0.00513
0.01886 0.00499 0.00276 0.00495 0.12889 0.30728 0.00422 0.15423 0.00596 0.24951 0.01967 0.00481 0.00423 0.00565 0.00598 0.01090 0.01498 0.03907 0.00304 0.01004
0.01626 0.00211 0.02176 0.14164 0.00634 0.00973 0.00696 0.01156 0.02504 0.52815 0.00727 0.01541 0.00585 0.13631 0.01803 0.01581 0.01277 0.01252 0.00141 0.00505
0.03518 0.00736 0.01039 0.01834 0.01769 0.01240 0.00902 0.03534 0.02035 0.18835 0.01791 0.01367 0.12446 0.10984 0.01577 0.02541 0.17994 0.14153 0.00394 0.01312
0.59925 0.00395 0.00864 0.00910 0.00208 0.01448 0.00271 0.00337 0.00639 0.00478 0.00222 0.14560 0.13748 0.00544 0.00489 0.02342 0.01608 0.00777 0.00057 0.00181
0.11752 0.00247 0.13623 0.04112 0.00402 0.01534 0.00986 0.00665 0.03121 0.01102 0.00510 0.31189 0.11874 0.02357 0.01855 0.02867 0.10072 0.01065 0.00129 0.00537
0.03210 0.00637 0.01169 0.02002 0.11637 0.01186 0.06055 0.02884 0.02129 0.25550 0.01541 0.11580 0.00807 0.01616 0.01584 0.18137 0.02535 0.03554 0.00442 0.01744
0.02553 0.00628 0.00489 0.00844 0.19661 0.00853 0.29828 0.14287 0.01017 0.04296 0.01564 0.00813 0.00589 0.00865 0.00939 0.01684 0.12613 0.03792 0.00512 0.02172
0.02534 0.00245 0.02772 0.03496 0.00341 0.01442 0.00837 0.00562 0.02700 0.00931 0.00425 0.13219 0.31349 0.13609 0.01677 0.20542 0.01831 0.00929 0.00110 0.00450
0.14316 0.00491 0.01385 0.02195 0.00885 0.01382 0.00784 0.12486 0.02355 0.02340 0.00950 0.01514 0.30066 0.18859 0.01666 0.02664 0.02295 0.02397 0.00217 0.00753
0.01469 0.00172 0.02365 0.15129 0.45834 0.00973 0.00759 0.00652 0.01962 0.01152 0.00415 0.01576 0.00559 0.20697 0.01312 0.01535 0.01126 0.00850 0.00241 0.01223
0.02966 0.00643 0.00885 0.11940 0.01541 0.01023 0.00717 0.04081 0.01605 0.20646 0.01616 0.01111 0.00693 0.01229 0.01251 0.02052 0.29755 0.14856 0.00322 0.01068
0.01101 0.00350 0.00125 0.00193 0.00779 0.00188 0.00080 0.18586 0.00194 0.23183 0.01071 0.00157 0.00169 0.00162 0.00166 0.00314 0.00852 0.52017 0.00076 0.00237
0.32937 0.00494 0.00269 0.00444 0.19724 0.00601 0.00365 0.27766 0.00522 0.04662 0.01372 0.00460 0.00400 0.00464 0.00503 0.01111 0.01463 0.05257 0.00252 0.00934
0.50440 0.00333 0.00251 0.00311 0.00812 0.00799 0.00188 0.01882 0.00365 0.37471 0.00944 0.00400 0.00396 0.00318 0.00357 0.01296 0.01111 0.01878 0.00114 0.00336
0.33974 0.00373 0.13944 0.02568 0.00570 0.12803 0.00687 0.01048 0.01874 0.19836 0.00616 0.01648 0.00766 0.01482 0.01199 0.02492 0.01929 0.01508 0.00146 0.00535
0.10594 0.00581 0.06165 0.01422 0.19526 0.11416 0.00696 0.10064 0.01519 0.03368 0.01353 0.01074 0.00668 0.01182 0.01176 0.02048 0.22601 0.03228 0.00305 0.01016
0.04350 0.00752 0.01900 0.03324 0.10855 0.01677 0.01296 0.03331 0.03586 0.04449 0.01824 0.13667 0.09129 0.02569 0.09865 0.03543 0.03434 0.18541 0.00425 0.01483
0.14818 0.00661 0.01343 0.01870 0.01725 0.01851 0.00861 0.01816 0.01881 0.02520 0.00994 0.01536 0.26560 0.01406 0.01429 0.03279 0.02674 0.02522 0.00371 0.29882
0.04372 0.00407 0.03206 0.05741 0.08187 0.12413 0.01799 0.01376 0.16363 0.02280 0.01046 0.03421 0.01393 0.13368 0.13317 0.04461 0.03517 0.02027 0.00271 0.01034
0.04662 0.00706 0.02651 0.13036 0.01539 0.01952 0.01428 0.21784 0.04218 0.04060 0.01666 0.02700 0.10808 0.03039 0.02819 0.04029 0.13015 0.04162 0.00379 0.01348
0.16666 0.00821 0.01904 0.03129 0.01678 0.19997 0.11481 0.13628 0.03253 0.04204 0.01724 0.02186 0.01212 0.02379 0.02317 0.03912 0.03597 0.04140 0.00398 0.01374
0.12494 0.09094 0.03054 0.05214 0.01133 0.11331 0.12112 0.02033 0.05324 0.02991 0.01319 0.03193 0.01424 0.12976 0.03422 0.04706 0.03832 0.02849 0.00316 0.01182
0.13629 0.09165 0.00699 0.01266 0.02688 0.01402 0.00963 0.17776 0.01519 0.16860 0.02686 0.01215 0.00965 0.01296 0.01434 0.02773 0.13470 0.07783 0.00567 0.01844
0.14744 0.00470 0.03652 0.06271 0.00899 0.09258 0.09730 0.01555 0.14905 0.02483 0.01147 0.03694 0.01515 0.04406 0.04045 0.05008 0.12515 0.02307 0.00283 0.01114
0.04286 0.00660 0.02161 0.03899 0.16748 0.08889 0.01465 0.02821 0.13786 0.12620 0.01635 0.02508 0.01200 0.03125 0.11664 0.03719 0.03428 0.03613 0.00392 0.01380
0.04557 0.00724 0.02231 0.03915 0.01703 0.18247 0.01447 0.03099 0.04390 0.14040 0.01763 0.02525 0.09862 0.03007 0.10041 0.03878 0.03605 0.03959 0.00419 0.06590
0.03898 0.00548 0.01994 0.03404 0.01020 0.10107 0.01235 0.01882 0.04623 0.12880 0.01142 0.02247 0.29203 0.02732 0.12859 0.03475 0.02945 0.02546 0.00281 0.00981
0.04552 0.00645 0.00897 0.01164 0.00367 0.25940 0.00430 0.00615 0.01098 0.00872 0.00407 0.01235 0.30274 0.00879 0.00843 0.11876 0.16155 0.01337 0.00099 0.00313
0.12808 0.01153 0.00715 0.01313 0.13005 0.01452 0.01049 0.05596 0.01595 0.14424 0.02814 0.01275 0.09916 0.01375 0.01529 0.02901 0.03666 0.15478 0.05892 0.02043
0.12565 0.00484 0.10751 0.14979 0.07339 0.02187 0.01779 0.01764 0.06033 0.07345 0.01234 0.03584 0.01470 0.04248 0.03744 0.12659 0.03853 0.02519 0.00299 0.01166
0.11545 0.00624 0.02670 0.04632 0.09934 0.20037 0.06585 0.02473 0.04934 0.03513 0.01500 0.02873 0.01310 0.03406 0.11107 0.04216 0.03643 0.03282 0.00365 0.01350
0.04378 0.00726 0.02039 0.03590 0.15275 0.08440 0.09068 0.03185 0.03848 0.10661 0.01783 0.02331 0.08996 0.02745 0.09854 0.03649 0.03473 0.04033 0.00423 0.01501
0.04454 0.00719 0.11018 0.03759 0.01657 0.08916 0.01356 0.14069 0.03831 0.12022 0.01753 0.02412 0.08860 0.02796 0.02592 0.03749 0.10215 0.04011 0.00402 0.01410
0.03671 0.00309 0.04021 0.22384 0.00614 0.09812 0.01436 0.01022 0.04729 0.01684 0.00779 0.11844 0.08589 0.03460 0.02842 0.03847 0.02872 0.01553 0.00196 0.14336
0.11432 0.00795 0.01456 0.02518 0.01726 0.01686 0.01078 0.03229 0.02689 0.09446 0.01742 0.01818 0.19715 0.02010 0.01966 0.20027 0.03286 0.04101 0.07914 0.01366
0.14325 0.05874 0.01755 0.03037 0.01432 0.10392 0.01141 0.02693 0.11180 0.03626 0.01510 0.02073 0.01120 0.02319 0.02188 0.10730 0.03309 0.19749 0.00347 0.01202
0.11784 0.00437 0.03060 0.05391 0.00895 0.12923 0.10213 0.09144 0.12022 0.02464 0.01114 0.03196 0.01323 0.03912 0.10767 0.04313 0.03457 0.02257 0.00274 0.01053
0.03484 0.00612 0.09340 0.02870 0.01883 0.01447 0.01108 0.02771 0.02732 0.17340 0.01528 0.01896 0.18557 0.02042 0.01920 0.02861 0.02721 0.03395 0.19868 0.01624
0.12475 0.00810 0.01624 0.02868 0.01881 0.01625 0.01205 0.11675 0.03132 0.09590 0.01936 0.01979 0.01093 0.02285 0.09734 0.26168 0.03413 0.04581 0.00438 0.01488
0.04281 0.00477 0.02853 0.04949 0.07402 0.13294 0.09389 0.01749 0.05303 0.02635 0.01165 0.02978 0.01271 0.03579 0.18386 0.13042 0.03373 0.02437 0.00295 0.01141
0.20832 0.00949 0.00740 0.01297 0.02215 0.01428 0.00880 0.30152 0.01528 0.05478 0.02142 0.01206 0.00915 0.01258 0.01369 0.08076 0.03162 0.05475 0.09308 0.01591
0.20382 0.00509 0.02627 0.04479 0.00906 0.17593 0.01372 0.01618 0.11377 0.07375 0.01073 0.02760 0.01244 0.03194 0.02937 0.13679 0.03323 0.02326 0.00258 0.00969
0.04508 0.07726 0.02258 0.17660 0.06157 0.08354 0.01406 0.10714 0.04062 0.04182 0.01743 0.02509 0.01215 0.11610 0.02728 0.03848 0.03573 0.03927 0.00402 0.01418
0.10535 0.00793 0.08879 0.02657 0.01984 0.01500 0.01159 0.03617 0.02805 0.16948 0.01935 0.01844 0.07895 0.02112 0.02043 0.03148 0.03254 0.04479 0.16412 0.06000
0.03999 0.00387 0.16314 0.11244 0.05115 0.10157 0.01488 0.01396 0.04970 0.09465 0.00985 0.03110 0.14383 0.03549 0.03056 0.04024 0.03159 0.02009 0.00240 0.00948
0.16994 0.00448 0.09358 0.05318 0.07798 0.01928 0.09354 0.01664 0.05324 0.06589 0.01142 0.03136 0.06906 0.09293 0.03320 0.04285 0.03451 0.02349 0.00276 0.01066
0.04182 0.06353 0.03161 0.20402 0.00720 0.01923 0.01615 0.06926 0.11513 0.02032 0.00951 0.10093 0.01301 0.03945 0.14232 0.04286 0.03330 0.01854 0.00237 0.00944
0.18437 0.00561 0.01590 0.02478 0.18052 0.20717 0.00841 0.01547 0.02389 0.02143 0.00915 0.09227 0.08520 0.01774 0.01621 0.03308 0.02681 0.02212 0.00218 0.00769
0.04377 0.00364 0.09208 0.05918 0.00706 0.02019 0.01670 0.07828 0.05902 0.01988 0.00946 0.08885 0.06871 0.17045 0.11265 0.04528 0.07461 0.01827 0.00235 0.00957
0.04184 0.00708 0.09076 0.03339 0.01659 0.01609 0.01258 0.09118 0.03484 0.04249 0.10010 0.02173 0.14342 0.02540 0.13401 0.03443 0.03318 0.10316 0.00397 0.01378
0.04330 0.00406 0.08841 0.11471 0.07675 0.01964 0.11947 0.01435 0.05533 0.09007 0.01043 0.03261 0.09089 0.03882 0.03416 0.09911 0.03434 0.02093 0.00255 0.01008
0.10918 0.00755 0.01760 0.10281 0.01791 0.01586 0.05544 0.11661 0.03246 0.10476 0.01850 0.02066 0.14645 0.02399 0.02279 0.03375 0.03347 0.04243 0.00422 0.07356
0.16242 0.00956 0.00845 0.01522 0.02326 0.08428 0.00967 0.04520 0.01746 0.12062 0.02290 0.01300 0.00925 0.01426 0.01511 0.02729 0.17171 0.12108 0.00511 0.10415
0.10746 0.00390 0.03153 0.05502 0.06452 0.09401 0.01590 0.01359 0.16252 0.06066 0.01006 0.09800 0.04038 0.03855 0.09473 0.04312 0.03379 0.02001 0.00246 0.00978
0.10640 0.07930 0.01492 0.02642 0.01876 0.01483 0.01138 0.03573 0.02810 0.08934 0.01912 0.01828 0.03985 0.16358 0.07884 0.03125 0.03232 0.10216 0.00434 0.08508
0.04206 0.00342 0.17386 0.17210 0.00659 0.01958 0.07303 0.01103 0.05714 0.07272 0.00892 0.03336 0.05228 0.06729 0.10111 0.04372 0.03336 0.01711 0.00222 0.00910
0.04275 0.00355 0.03304 0.05761 0.06310 0.01966 0.01631 0.01161 0.09642 0.01943 0.00925 0.08630 0.09385 0.11430 0.09548 0.10957 0.09830 0.01784 0.00229 0.00934
0.03981 0.00971 0.07506 0.01260 0.16826 0.07331 0.00919 0.09030 0.01494 0.12314 0.02349 0.01158 0.08185 0.01260 0.01376 0.02548 0.03156 0.13021 0.03605 0.01708
0.03711 0.00467 0.10645 0.04071 0.07825 0.25708 0.01379 0.01863 0.11398 0.02749 0.01167 0.02486 0.01083 0.02924 0.02635 0.03491 0.02945 0.02487 0.03402 0.07564
0.21868 0.00700 0.01360 0.02391 0.16669 0.01370 0.01100 0.03124 0.02640 0.04187 0.01683 0.01680 0.07487 0.01934 0.13762 0.02854 0.02893 0.03881 0.00454 0.07963
0.11872 0.00911 0.00728 0.01322 0.08374 0.01229 0.00899 0.11344 0.01544 0.09782 0.02208 0.01165 0.07960 0.01278 0.16666 0.02483 0.03019 0.05249 0.00495 0.11472
0.03951 0.00669 0.08542 0.03141 0.01573 0.07327 0.01188 0.12324 0.03270 0.18304 0.01645 0.02047 0.01037 0.02390 0.13979 0.07246 0.03134 0.03742 0.03183 0.01308
0.10201 0.00572 0.02119 0.03702 0.01266 0.07454 0.01254 0.02347 0.03784 0.03258 0.01379 0.02318 0.10477 0.10404 0.02490 0.10287 0.03122 0.13745 0.08672 0.01149
0.07746 0.00340 0.03202 0.10722 0.00658 0.01898 0.01573 0.01105 0.05568 0.01855 0.00885 0.10373 0.06382 0.06491 0.21704 0.07991 0.03269 0.07121 0.00220 0.00897
0.06765 0.00933 0.00644 0.01177 0.09441 0.01207 0.00875 0.04466 0.01405 0.24240 0.06366 0.01094 0.00838 0.06961 0.08324 0.02425 0.03017 0.09595 0.00503 0.09725
0.03860 0.10553 0.01108 0.01974 0.06131 0.01344 0.00995 0.03775 0.02166 0.04907 0.01971 0.01481 0.15810 0.01674 0.08715 0.05691 0.15247 0.04630 0.06486 0.01484
0.03841 0.04725 0.01748 0.08662 0.01609 0.25347 0.07940 0.02902 0.03166 0.09824 0.01608 0.01990 0.01009 0.02311 0.02192 0.03154 0.03044 0.03659 0.00381 0.10886
0.09671 0.00537 0.02362 0.04135 0.07231 0.01675 0.07808 0.02213 0.04207 0.08489 0.01339 0.09091 0.08582 0.02998 0.05447 0.03672 0.16167 0.02920 0.00314 0.01144
0.04036 0.00499 0.09048 0.04400 0.01099 0.07708 0.01386 0.02002 0.13486 0.02882 0.08652 0.02657 0.03872 0.03155 0.02841 0.03774 0.03202 0.13628 0.00295 0.11377
0.09923 0.04711 0.01917 0.03350 0.01311 0.15393 0.04066 0.02443 0.03442 0.03350 0.07088 0.02147 0.08940 0.02493 0.02302 0.09780 0.12697 0.03173 0.00325 0.01149
0.03871 0.00845 0.01042 0.01863 0.07717 0.04221 0.00986 0.10941 0.06075 0.09254 0.02052 0.07847 0.06620 0.01610 0.01634 0.09601 0.03070 0.10835 0.00461 0.09455
0.03185 0.00369 0.20351 0.03684 0.13433 0.23784 0.00988 0.01139 0.03001 0.01684 0.00738 0.02230 0.04276 0.02254 0.01863 0.03037 0.11465 0.01645 0.00180 0.00693
0.14856 0.00468 0.08597 0.08368 0.12169 0.01755 0.07792 0.01825 0.04688 0.09145 0.01181 0.02778 0.01189 0.03311 0.08246 0.03886 0.03226 0.02495 0.02965 0.01060
0.09910 0.00345 0.08285 0.05566 0.00670 0.04511 0.07860 0.01129 0.09172 0.01885 0.00897 0.08628 0.08414 0.03871 0.03398 0.07990 0.03281 0.07923 0.00222 0.06043
0.14644 0.00695 0.01072 0.01793 0.01492 0.35165 0.00831 0.02764 0.01909 0.11482 0.01466 0.01378 0.05508 0.01461 0.01454 0.02764 0.02704 0.03505 0.00340 0.07574
0.06771 0.00834 0.01087 0.09852 0.11745 0.01331 0.07405 0.17740 0.02125 0.05051 0.02026 0.01465 0.00917 0.01656 0.01669 0.06877 0.08719 0.10762 0.00455 0.01514
0.03798 0.00884 0.00821 0.01483 0.07992 0.01249 0.07440 0.22432 0.08807 0.18305 0.02146 0.01240 0.00864 0.01378 0.01464 0.09524 0.03012 0.05085 0.00482 0.01593
0.12517 0.00339 0.09408 0.10738 0.00655 0.01904 0.10287 0.01099 0.05581 0.01849 0.07170 0.03238 0.05002 0.03889 0.08817 0.11414 0.03278 0.01698 0.00219 0.00897
0.09334 0.00364 0.03037 0.05264 0.00709 0.08209 0.01508 0.01215 0.05272 0.01966 0.00919 0.12010 0.11509 0.03672 0.14727 0.06809 0.03206 0.01820 0.00226 0.08224
0.09253 0.00336 0.03062 0.05269 0.00653 0.01818 0.01505 0.01111 0.09269 0.04554 0.00867 0.14682 0.16803 0.17528 0.03379 0.04031 0.03108 0.01686 0.00216 0.00869
0.06766 0.09978 0.01873 0.10027 0.07299 0.13683 0.01210 0.02836 0.03405 0.03837 0.01592 0.02121 0.01053 0.02481 0.08501 0.03323 0.10784 0.07586 0.00366 0.01278
0.03800 0.07530 0.00549 0.01013 0.18844 0.08229 0.00850 0.11753 0.01249 0.12013 0.02312 0.01016 0.00823 0.06937 0.01226 0.02360 0.03013 0.08503 0.00515 0.07465
0.09306 0.00479 0.09960 0.04573 0.13082 0.01745 0.06707 0.01887 0.04616 0.02754 0.01207 0.02742 0.01183 0.03265 0.08873 0.07584 0.09599 0.05252 0.00286 0.04901
0.06772 0.16476 0.01116 0.07687 0.09914 0.01340 0.01005 0.03850 0.02171 0.09120 0.02006 0.07893 0.00922 0.01686 0.01692 0.09745 0.03073 0.11578 0.00451 0.01503
0.10493 0.00427 0.08074 0.18526 0.04685 0.01804 0.10347 0.01594 0.04976 0.02417 0.06591 0.02927 0.01221 0.03498 0.03107 0.04016 0.09127 0.04901 0.00261 0.01007
0.17018 0.00680 0.01670 0.02935 0.01578 0.13039 0.01138 0.12546 0.10873 0.03997 0.01643 0.01945 0.05082 0.02254 0.02133 0.03177 0.05945 0.10678 0.00375 0.01294
0.09946 0.00394 0.02973 0.10388 0.00808 0.01840 0.08730 0.01410 0.05209 0.08609 0.01011 0.06701 0.01244 0.08794 0.09492 0.04113 0.03257 0.08400 0.05714 0.00966
0.09604 0.00418 0.08106 0.04991 0.00871 0.10795 0.01479 0.08817 0.05008 0.02350 0.01061 0.02944 0.06418 0.03517 0.15431 0.07726 0.03240 0.05975 0.00256 0.00991
0.03925 0.07567 0.01521 0.02688 0.01746 0.09203 0.01117 0.07251 0.08378 0.12816 0.01790 0.01829 0.00992 0.08846 0.02035 0.13386 0.03113 0.04128 0.06283 0.01387
0.10338 0.07997 0.00774 0.01401 0.08026 0.01245 0.00911 0.04275 0.01623 0.09689 0.02180 0.01204 0.18740 0.01327 0.14504 0.02521 0.03027 0.05176 0.03436 0.01606
0.15776 0.00406 0.02806 0.04917 0.00844 0.01778 0.11518 0.01491 0.11055 0.02293 0.01036 0.02904 0.10186 0.03504 0.08800 0.03952 0.03174 0.05950 0.00252 0.07356
0.03924 0.00423 0.02694 0.04660 0.00880 0.21607 0.01407 0.01567 0.12332 0.02362 0.01054 0.11974 0.07269 0.03313 0.03052 0.03822 0.03102 0.07621 0.05964 0.00972
0.16491 0.00936 0.00632 0.01157 0.08108 0.01205 0.00875 0.04473 0.01384 0.09936 0.02262 0.01086 0.00837 0.04139 0.01294 0.10511 0.03017 0.12419 0.07641 0.11598
0.17600 0.00579 0.08807 0.06575 0.01321 0.07319 0.05212 0.07866 0.03903 0.03401 0.01437 0.02379 0.01106 0.02805 0.02566 0.03540 0.03178 0.13515 0.05695 0.01196
0.09974 0.00427 0.02826 0.04936 0.00899 0.01800 0.01473 0.01595 0.04973 0.07932 0.01086 0.11803 0.11158 0.08732 0.09427 0.04005 0.07032 0.08656 0.00261 0.01006
0.10840 0.00410 0.12434 0.04345 0.00746 0.13052 0.01270 0.01312 0.04230 0.02001 0.07005 0.02613 0.17916 0.03004 0.02643 0.03739 0.09461 0.01915 0.00219 0.00844
0.09459 0.00590 0.02069 0.03628 0.01344 0.07380 0.01257 0.02496 0.03755 0.03441 0.01447 0.02282 0.11503 0.02688 0.09119 0.03456 0.08577 0.03227 0.13237 0.09045
0.13088 0.00328 0.12177 0.17999 0.06134 0.08184 0.01548 0.01059 0.09233 0.01789 0.00855 0.03210 0.01263 0.09690 0.03323 0.04194 0.03198 0.01642 0.00213 0.00873
0.03900 0.00574 0.02077 0.03665 0.08938 0.01581 0.01272 0.02444 0.07897 0.18193 0.01425 0.02297 0.01078 0.08520 0.15428 0.10147 0.03100 0.05950 0.00332 0.01182
0.25117 0.00506 0.02455 0.09660 0.01111 0.08205 0.01349 0.05969 0.04290 0.02911 0.01256 0.02581 0.01140 0.12214 0.02753 0.03694 0.03154 0.10249 0.00295 0.01089
0.15392 0.00356 0.03106 0.10550 0.00704 0.09083 0.07904 0.01201 0.05423 0.05624 0.00921 0.03139 0.12862 0.03767 0.09609 0.04176 0.03237 0.01805 0.00227 0.00913
0.09329 0.00509 0.08484 0.04331 0.06744 0.01706 0.07910 0.02055 0.04382 0.02943 0.01273 0.02624 0.01156 0.03113 0.05521 0.16718 0.03202 0.16594 0.00300 0.01107
0.03685 0.00855 0.00819 0.07351 0.06547 0.09384 0.00932 0.04039 0.01670 0.25221 0.02071 0.01227 0.03833 0.01356 0.01420 0.02481 0.02922 0.04895 0.07585 0.11706
0.03877 0.00323 0.09776 0.05402 0.00628 0.20392 0.08082 0.01056 0.05153 0.05662 0.00833 0.09180 0.03960 0.03634 0.03139 0.13162 0.03066 0.01620 0.00207 0.00847
0.04012 0.00526 0.02381 0.04173 0.10275 0.01677 0.01353 0.02160 0.09924 0.12258 0.01316 0.02547 0.01139 0.09596 0.08137 0.09710 0.07068 0.02858 0.00309 0.08581
0.07879 0.01516 0.05352 0.06683 0.03971 0.06951 0.02292 0.05901 0.05944 0.09637 0.02377 0.04144 0.04829 0.03956 0.05410 0.06834 0.05407 0.06734 0.01141 0.03041
801
0 0 0.98522
0 1 0.00000
0 2 0.00000
0 3 0.00000
0 4 0.00000
0 5 0.00000
0 6 0.00000
0 7 0.00000
0 8 0.00000
0 9 0.00000
0 10 0.00000
0 11 0.00000
0 12 0.00000
0 13 0.00000
0 14 0.00000
0 15 0.00000
0 16 0.00000
0 17 0.00000
0 18 0.00000
0 19 0.00000
0 20 0.00000
0 21 0.00000
0 22 0.00000
0 23 0.00000
0 24 0.00000
0 25 0.00000
0 26 0.00000
0 27 0.00000
0 28 0.00000
0 29 0.00000
0 30 0.00000
0 31 0.00000
0 32 0.00000
0 33 0.00000
0 34 0.00000
0 35 0.00000
0 36 0.00000
0 37 0.00000
0 38 0.00000
0 39 0.00000
0 40 0.00000
0 41 0.00000
0 42 0.00000
0 43 0.00000
0 44 0.00000
0 45 0.00000
0 46 0.00000
0 47 0.00000
0 48 0.00000
0 49 0.00000
0 50 0.00000
0 51 0.00000
0 52 0.00000
0 53 0.00000
0 54 0.00000
0 55 0.00000
0 56 0.00000
0 57 0.00000
0 58 0.00000
0 59 0.00000
0 60 0.00000
0 61 0.00000
0 62 0.00000
0 63 0.00000
0 64 0.00000
0 65 0.00000
0 66 0.00000
0 67 0.00000
0 68 0.00000
0 69 0.00000
0 70 0.00000
0 71 0.00000
0 72 0.00000
0 73 0.00000
0 74 0.00000
0 75 0.00000
0 76 0.00000
0 77 0.00000
0 78 0.00000
0 79 0.00000
0 80 0.00000
0 81 0.00000
0 82 0.00000
0 83 0.00000
0 84 0.00000
0 85 0.00000
0 86 0.00000
0 87 0.00000
0 88 0.00000
0 89 0.00000
0 90 0.00000
0 91 0.00000
0 92 0.00000
0 93 0.00000
0 94 0.00000
0 95 0.00000
0 96 0.00000
0 97 0.00000
0 98 0.00000
0 99 0.00000
0 100 0.00000
0 101 0.00000
0 102 0.00000
0 103 0.00000
0 104 0.00000
0 105 0.00000
0 106 0.00000
0 107 0.00000
0 108 0.00000
0 109 0.00000
0 110 0.00000
0 111 0.00000
0 112 0.00000
0 113 0.00000
0 114 0.00000
0 115 0.00000
0 116 0.00000
0 117 0.00000
0 118 0.00000
0 119 0.00000
0 120 0.00000
0 121 0.00000
0 122 0.00000
0 123 0.00000
0 124 0.00000
0 125 0.00000
0 126 0.00000
0 127 0.00000
0 128 0.00000
0 129 0.00000
0 130 0.00000
0 131 0.00000
0 132 0.00000
0 133 0.00000
0 134 0.00000
0 135 0.00000
0 136 0.00000
0 137 0.00000
0 138 0.00000
0 139 0.00000
0 140 0.00000
0 141 0.00000
0 142 0.00000
0 143 0.00000
0 144 0.00000
0 145 0.00000
0 146 0.00000
0 147 0.00000
0 148 0.00000
0 149 0.00000
0 150 0.00000
0 151 0.00000
0 152 0.00000
0 153 0.00000
0 154 0.00000
0 155 0.00000
0 156 0.00000
0 157 0.00000
0 158 0.00000
0 159 0.00000
0 160 0.00000
0 161 0.00000
0 162 0.00000
0 163 0.00000
0 164 0.00000
0 165 0.00000
0 166 0.00000
0 167 0.00000
0 168 0.00000
0 169 0.00000
0 170 0.00000
0 171 0.00000
0 172 0.00000
0 173 0.00000
0 174 0.00000
0 175 0.00000
0 176 0.00000
0 177 0.00000
0 178 0.00000
0 179 0.00000
0 180 0.00000
0 181 0.00000
0 182 0.00000
0 183 0.00000
0 184 0.00000
0 185 0.00000
0 186 0.00000
0 187 0.00000
0 188 0.00000
0 189 0.00000
0 190 0.00000
0 191 0.00000
0 192 0.00000
0 193 0.00000
0 194 0.00000
0 195 0.00000
0 196 0.00000
0 197 0.00000
0 198 0.00000
0 199 0.00000
0 200 0.00000
1 2 1.33561
2 3 0.98197
3 4 0.98197
4 5 0.98197
5 6 0.98197
6 7 0.98197
7 8 0.98197
8 9 0.98408
9 10 0.98574
10 11 0.98574
11 12 0.98574
12 13 0.98574
13 14 0.98574
14 15 0.98574
15 16 0.98574
16 17 0.98574
17 18 0.98574
18 19 0.98574
19 20 0.98574
20 21 0.98574
21 22 0.98574
22 23 0.93657
23 24 0.97137
24 25 0.99742
25 26 0.95963
26 27 0.99828
27 28 0.99703
28 29 0.99828
29 30 0.65484
30 31 0.99775
31 32 0.99776
32 33 0.99776
33 34 0.99777
34 35 0.99777
35 36 0.99778
36 37 0.99779
37 38 0.95646
38 39 0.99772
39 40 0.99772
40 41 0.99772
41 42 0.99773
42 43 0.99772
43 44 0.99773
44 45 0.99773
45 46 0.95179
46 47 0.99332
47 48 0.99760
48 49 0.99760
49 50 0.99761
50 51 0.99760
51 52 0.99760
52 53 0.99759
53 54 0.92950
54 55 0.99741
55 56 0.99742
56 57 0.99741
57 58 0.99740
58 59 0.99694
59 60 0.99695
60 61 0.99695
61 62 0.99693
62 63 0.98807
63 64 0.99689
64 65 0.99689
65 66 0.99689
66 67 0.99688
67 68 0.99687
68 69 0.95879
69 70 0.99313
70 71 0.99674
71 72 0.99674
72 73 0.99677
73 74 0.99677
74 75 0.96889
75 76 0.99664
76 77 0.99666
77 78 0.99662
78 79 0.99662
79 80 0.99661
80 81 0.99659
81 82 0.99617
82 83 0.99617
83 84 0.99614
84 85 0.99614
85 86 0.99613
86 87 0.99612
87 88 0.99610
88 89 0.99608
89 90 0.99608
90 91 0.06633
91 92 0.99469
92 93 0.99503
93 94 0.99503
94 95 0.99503
95 96 0.99503
96 97 0.99503
97 98 0.99503
98 99 0.99503
99 100 0.99503
100 101 0.99503
101 102 0.99503
102 103 0.99503
103 104 0.99503
104 105 0.99503
105 106 0.99503
106 107 0.99503
107 108 0.99503
108 109 0.99503
109 110 0.99503
110 111 0.99503
111 112 0.99503
112 113 0.08058
113 114 0.79587
114 115 0.99166
115 116 0.99166
116 117 0.99166
117 118 0.99166
118 119 0.99166
119 120 0.99166
120 121 0.99166
121 122 0.99243
122 123 0.99243
123 124 0.99243
124 125 0.99243
125 126 0.99243
126 127 0.99243
127 128 0.99243
128 129 0.99332
129 130 0.99332
130 131 0.99332
131 132 0.99332
132 133 0.99332
133 134 0.99332
134 135 0.99332
135 136 0.99332
136 137 0.99332
137 138 0.99332
138 139 0.99332
139 140 0.99332
140 141 0.99400
141 142 0.99400
142 143 0.99400
143 144 0.99400
144 145 0.99400
145 146 0.99400
146 147 0.99400
147 148 0.99400
148 149 0.99400
149 150 0.99400
150 151 0.99430
151 152 0.99430
152 153 0.99430
153 154 0.99430
154 155 0.99430
155 156 0.99430
156 157 0.99430
157 158 0.99465
158 159 0.99465
159 160 0.99465
160 161 0.99465
161 162 0.99465
162 163 0.99465
163 164 0.99465
164 165 0.99465
165 166 0.99465
166 167 0.99465
167 168 0.99465
168 169 0.99465
169 170 0.99465
170 171 0.99465
171 172 0.99465
172 173 0.99465
173 174 0.99465
174 175 0.99465
175 176 0.99465
176 177 0.99465
177 178 0.99465
178 179 0.99465
179 180 0.99465
180 181 0.99465
181 182 0.99465
182 183 0.99465
183 184 0.99465
184 185 0.99465
185 186 0.99465
186 187 0.99465
187 188 0.99465
188 189 0.99465
189 190 0.99465
190 191 0.99465
191 192 0.99465
192 193 0.99465
193 194 0.99465
194 195 0.99465
195 196 0.99465
196 197 0.99465
197 198 0.99465
198 199 0.99465
199 200 0.99465
0 1 0.00005
1 201 0.50000
0 2 0.00005
2 201 0.50000
0 3 0.00005
3 201 0.50000
0 4 0.00005
4 201 0.50000
0 5 0.00005
5 201 0.50000
0 6 0.00005
6 201 0.50000
0 7 0.00005
7 201 0.50000
0 8 0.00005
8 201 0.50000
0 9 0.00005
9 201 0.50000
0 10 0.00005
10 201 0.50000
0 11 0.00005
11 201 0.50000
0 12 0.00005
12 201 0.50000
0 13 0.00005
13 201 0.50000
0 14 0.00005
14 201 0.50000
0 15 0.00005
15 201 0.50000
0 16 0.00005
16 201 0.50000
0 17 0.00005
17 201 0.50000
0 18 0.00005
18 201 0.50000
0 19 0.00005
19 201 0.50000
0 20 0.00005
20 201 0.50000
0 21 0.00005
21 201 0.50000
0 22 0.00005
22 201 0.50000
0 23 0.00005
23 201 0.50000
0 24 0.00005
24 201 0.50000
0 25 0.00005
25 201 0.50000
0 26 0.00005
26 201 0.50000
0 27 0.00005
27 201 0.50000
0 28 0.00005
28 201 0.50000
0 29 0.00005
29 201 0.50000
0 30 0.00005
30 201 0.50000
0 31 0.00005
31 201 0.50000
0 32 0.00005
32 201 0.50000
0 33 0.00005
33 201 0.50000
0 34 0.00005
34 201 0.50000
0 35 0.00005
35 201 0.50000
0 36 0.00005
36 201 0.50000
0 37 0.00005
37 201 0.50000
0 38 0.00005
38 201 0.50000
0 39 0.00005
39 201 0.50000
0 40 0.00005
40 201 0.50000
0 41 0.00005
41 201 0.50000
0 42 0.00005
42 201 0.50000
0 43 0.00005
43 201 0.50000
0 44 0.00005
44 201 0.50000
0 45 0.00005
45 201 0.50000
0 46 0.00005
46 201 0.50000
0 47 0.00005
47 201 0.50000
0 48 0.00005
48 201 0.50000
0 49 0.00005
49 201 0.50000
0 50 0.00005
50 201 0.50000
0 51 0.00005
51 201 0.50000
0 52 0.00005
52 201 0.50000
0 53 0.00005
53 201 0.50000
0 54 0.00005
54 201 0.50000
0 55 0.00005
55 201 0.50000
0 56 0.00005
56 201 0.50000
0 57 0.00005
57 201 0.50000
0 58 0.00005
58 201 0.50000
0 59 0.00005
59 201 0.50000
0 60 0.00005
60 201 0.50000
0 61 0.00005
61 201 0.50000
0 62 0.00005
62 201 0.50000
0 63 0.00005
63 201 0.50000
0 64 0.00005
64 201 0.50000
0 65 0.00005
65 201 0.50000
0 66 0.00005
66 201 0.50000
0 67 0.00005
67 201 0.50000
0 68 0.00005
68 201 0.50000
0 69 0.00005
69 201 0.50000
0 70 0.00005
70 201 0.50000
0 71 0.00005
71 201 0.50000
0 72 0.00005
