2209
1
0 1.0
20
0.07879 0.01516 0.05352 0.06683 0.03971 0.06951 0.02292 0.05901 0.05944 0.09637 0.02377 0.04144 0.04829 0.03956 0.05410 0.06834 0.05407 0.06734 0.01141 0.03041
0.04126 0.00909 0.01314 0.01922 0.03525 0.01779 0.00977 0.07827 0.02462 0.14837 0.38126 0.01506 0.01114 0.01703 0.02069 0.02844 0.03015 0.07565 0.00543 0.01838
0.05219 0.00398 0.19099 0.25543 0.00800 0.03735 0.02250 0.01298 0.06228 0.02160 0.00943 0.06408 0.02050 0.05234 0.03469 0.07853 0.03939 0.02005 0.00250 0.01120
0.04837 0.00406 0.12130 0.37558 0.00811 0.03638 0.02101 0.01330 0.05768 0.02126 0.00890 0.06052 0.01958 0.04799 0.03308 0.05348 0.03613 0.01996 0.00251 0.01081
0.07488 0.01686 0.05477 0.08996 0.02030 0.03181 0.03556 0.04838 0.09927 0.06249 0.02315 0.04935 0.02158 0.06760 0.05298 0.08767 0.06746 0.04965 0.00547 0.04083
0.04102 0.01138 0.00694 0.01178 0.03020 0.01015 0.00630 0.23242 0.01312 0.19607 0.03709 0.00954 0.00792 0.01074 0.01118 0.01908 0.03207 0.29572 0.00413 0.01314
0.09027 0.00739 0.06598 0.09258 0.02379 0.03345 0.02682 0.02675 0.09077 0.04115 0.01862 0.08092 0.02229 0.07178 0.06673 0.12235 0.05807 0.03818 0.00452 0.01760
0.07602 0.01961 0.04709 0.19615 0.01797 0.03399 0.02387 0.03488 0.07755 0.04782 0.02063 0.04778 0.02151 0.05443 0.05024 0.08077 0.06832 0.05842 0.00488 0.01808
0.06684 0.01538 0.01601 0.02847 0.05318 0.02180 0.01576 0.10949 0.03182 0.20464 0.04081 0.02250 0.01521 0.02528 0.02602 0.05678 0.06626 0.14956 0.00796 0.02623
0.04713 0.00539 0.03353 0.06289 0.00986 0.02503 0.04354 0.01803 0.32671 0.03153 0.01343 0.04101 0.01731 0.06194 0.13224 0.04780 0.03975 0.02506 0.00411 0.01373
0.05912 0.00491 0.21841 0.14462 0.00996 0.04861 0.02416 0.01667 0.07306 0.04322 0.01213 0.07408 0.02117 0.05698 0.04263 0.06337 0.04558 0.02507 0.00309 0.01314
0.03429 0.00925 0.00670 0.01190 0.08052 0.00976 0.00769 0.12285 0.01349 0.42240 0.07747 0.00947 0.00836 0.01299 0.01248 0.01886 0.02772 0.08980 0.00602 0.01798
0.04901 0.03357 0.00794 0.01344 0.02709 0.01299 0.00745 0.26301 0.01502 0.10497 0.03173 0.01152 0.00927 0.01190 0.01277 0.02447 0.03766 0.30724 0.00438 0.01457
0.08202 0.00898 0.04024 0.06971 0.01699 0.03193 0.02400 0.03151 0.09157 0.06220 0.01959 0.04439 0.02043 0.05473 0.16556 0.11645 0.05404 0.04322 0.00488 0.01754
0.04887 0.00538 0.03580 0.06575 0.00937 0.02584 0.02610 0.01764 0.28930 0.03091 0.01332 0.06226 0.01773 0.06248 0.15643 0.04979 0.04086 0.02489 0.00398 0.01332
0.04863 0.00932 0.02297 0.03866 0.08329 0.02046 0.07182 0.03936 0.04484 0.06126 0.02239 0.02894 0.01428 0.06394 0.03344 0.04227 0.03889 0.04822 0.07453 0.19248
0.04198 0.01140 0.00726 0.01268 0.05152 0.01115 0.00765 0.20926 0.01422 0.25288 0.04442 0.01048 0.00881 0.01246 0.01266 0.02143 0.03324 0.21502 0.00524 0.01623
0.08326 0.00902 0.04741 0.09361 0.01902 0.03238 0.02536 0.03471 0.08368 0.06039 0.02187 0.04917 0.08790 0.05804 0.06505 0.09034 0.05831 0.05595 0.00521 0.01932
0.05535 0.00417 0.17816 0.18954 0.00841 0.03672 0.02366 0.01368 0.06960 0.02315 0.01037 0.09360 0.02093 0.09355 0.03971 0.06109 0.04244 0.02123 0.00271 0.01194
0.07361 0.00743 0.10295 0.10246 0.01551 0.03309 0.02704 0.04366 0.09232 0.04191 0.01894 0.07038 0.02227 0.06439 0.08126 0.07302 0.05840 0.03876 0.01474 0.01787
0.07154 0.01495 0.06998 0.18066 0.01347 0.03390 0.03572 0.02328 0.09203 0.03692 0.01693 0.05642 0.04009 0.07328 0.05683 0.07268 0.05654 0.03407 0.00416 0.01656
0.06711 0.00654 0.05116 0.14709 0.01296 0.03157 0.02705 0.02295 0.11487 0.03689 0.02909 0.06397 0.02128 0.06504 0.12728 0.06779 0.05378 0.03313 0.00426 0.01619
0.04515 0.01137 0.01000 0.01747 0.08999 0.01441 0.01343 0.10845 0.02001 0.34320 0.04834 0.01485 0.01098 0.01768 0.01774 0.02855 0.03615 0.08669 0.00936 0.05617
0.16379 0.01355 0.02916 0.04787 0.02178 0.03719 0.01785 0.06681 0.05009 0.05747 0.02327 0.03519 0.02083 0.03651 0.03531 0.18146 0.06012 0.07855 0.00522 0.01799
0.06739 0.00669 0.04962 0.12226 0.01354 0.03133 0.04546 0.02376 0.12656 0.03795 0.01712 0.05179 0.02124 0.06492 0.11534 0.06772 0.05408 0.03405 0.00438 0.04480
0.04462 0.00618 0.04516 0.05701 0.01374 0.02869 0.01791 0.01896 0.06930 0.03201 0.01144 0.03603 0.01635 0.43041 0.05260 0.04284 0.03304 0.02518 0.00402 0.01452
0.04329 0.00529 0.02969 0.05645 0.00900 0.02404 0.02510 0.01718 0.36445 0.03028 0.01258 0.03794 0.01646 0.05950 0.14824 0.04357 0.03660 0.02364 0.00399 0.01273
0.08394 0.00898 0.06705 0.10047 0.01960 0.03212 0.02532 0.03621 0.08090 0.11173 0.02233 0.06072 0.02141 0.05763 0.05159 0.06894 0.06924 0.05692 0.00528 0.01965
0.15330 0.01190 0.03692 0.06299 0.02485 0.03191 0.02219 0.07098 0.06515 0.07423 0.02667 0.06793 0.02049 0.04675 0.04408 0.07926 0.06889 0.06376 0.00613 0.02162
0.03885 0.00991 0.00920 0.01520 0.26887 0.01286 0.01358 0.09165 0.01752 0.20399 0.04322 0.01342 0.00968 0.01554 0.01551 0.02469 0.03061 0.10972 0.01025 0.04574
0.03171 0.00788 0.01011 0.01436 0.03870 0.01356 0.00806 0.08400 0.01816 0.53990 0.04040 0.01117 0.00912 0.01336 0.01592 0.01999 0.02384 0.07589 0.00543 0.01842
0.11578 0.01418 0.02933 0.04514 0.01786 0.08684 0.01640 0.03481 0.04553 0.04517 0.01916 0.03541 0.02234 0.03378 0.03234 0.20205 0.06246 0.12174 0.00446 0.01520
0.05196 0.00597 0.05462 0.07494 0.01626 0.02970 0.03957 0.02011 0.09508 0.03342 0.01361 0.04601 0.01830 0.28573 0.07029 0.05224 0.04081 0.02779 0.00466 0.01892
0.07686 0.02250 0.03248 0.05694 0.02959 0.02990 0.03101 0.05617 0.06070 0.07497 0.03088 0.03796 0.01985 0.04391 0.05578 0.08461 0.10103 0.12332 0.00708 0.02445
0.06160 0.00542 0.07023 0.20204 0.01077 0.03351 0.05957 0.01837 0.12134 0.03038 0.01374 0.07188 0.02105 0.06157 0.06011 0.06459 0.04865 0.02730 0.00358 0.01430
0.07493 0.01072 0.05261 0.07097 0.02385 0.03100 0.02380 0.04572 0.07245 0.08486 0.03501 0.04432 0.09991 0.05172 0.04778 0.07529 0.05879 0.06861 0.00601 0.02163
0.06716 0.00725 0.04782 0.08063 0.01338 0.05385 0.02569 0.02402 0.11374 0.03777 0.01679 0.04926 0.03208 0.06083 0.17557 0.08684 0.05269 0.03445 0.00430 0.01588
0.10362 0.01334 0.03113 0.05357 0.02894 0.03078 0.02086 0.05672 0.05684 0.08633 0.09892 0.03655 0.02963 0.04133 0.04011 0.10960 0.05945 0.07195 0.00683 0.02349
0.03910 0.01069 0.00702 0.01209 0.03540 0.01018 0.00673 0.19805 0.01363 0.30319 0.04361 0.00967 0.00814 0.01166 0.01188 0.01930 0.03082 0.21001 0.00465 0.01416
0.05432 0.01194 0.01422 0.02386 0.03469 0.01878 0.01151 0.10514 0.02785 0.31478 0.03958 0.01834 0.01253 0.02080 0.02223 0.03595 0.07718 0.13221 0.00569 0.01839
0.06495 0.01441 0.01784 0.03168 0.03803 0.02173 0.01608 0.19018 0.03594 0.13171 0.07428 0.02382 0.01525 0.03860 0.02844 0.04433 0.07351 0.10683 0.00758 0.02481
0.04097 0.00482 0.07234 0.49043 0.00894 0.03157 0.01700 0.01466 0.05033 0.02232 0.00845 0.04466 0.01700 0.03725 0.03276 0.04259 0.03008 0.02058 0.00291 0.01033
0.04925 0.00862 0.02386 0.02545 0.00828 0.65216 0.00849 0.01154 0.02052 0.01687 0.00631 0.02022 0.01573 0.01513 0.01678 0.04113 0.02985 0.01941 0.00298 0.00740
0.03261 0.00870 0.00756 0.01245 0.14699 0.01049 0.01097 0.09172 0.01445 0.39745 0.04991 0.01075 0.00846 0.01350 0.01326 0.01966 0.02604 0.07933 0.00885 0.03685
0.03985 0.00563 0.03290 0.04990 0.00981 0.02533 0.01971 0.01705 0.47838 0.02774 0.01067 0.03310 0.01554 0.04465 0.08088 0.03869 0.03141 0.02310 0.00377 0.01188
0.03171 0.00788 0.01011 0.01436 0.03870 0.01356 0.00806 0.08400 0.01816 0.53990 0.04040 0.01117 0.00912 0.01336 0.01592 0.01999 0.02384 0.07589 0.00543 0.01842
0.03171 0.00788 0.01011 0.01436 0.03870 0.01356 0.00806 0.08400 0.01816 0.53990 0.04040 0.01117 0.00912 0.01336 0.01592 0.01999 0.02384 0.07589 0.00543 0.01842
0.08555 0.01255 0.03181 0.03750 0.01304 0.04484 0.01250 0.02022 0.03423 0.02721 0.01096 0.03139 0.02094 0.02460 0.02606 0.46536 0.05186 0.03407 0.00337 0.01195
0.07599 0.03380 0.02515 0.04465 0.03671 0.02711 0.02050 0.08268 0.04835 0.14214 0.04859 0.04101 0.01857 0.03653 0.04912 0.07399 0.07127 0.08730 0.00837 0.02816
0.05450 0.10781 0.01055 0.01847 0.03723 0.01671 0.01103 0.15660 0.02149 0.22353 0.04098 0.01553 0.01179 0.01739 0.01849 0.03247 0.04234 0.13589 0.00638 0.02080
0.04160 0.01149 0.00692 0.01128 0.02571 0.01027 0.00557 0.30470 0.01254 0.11696 0.03168 0.00923 0.00763 0.00970 0.01041 0.01872 0.03189 0.31855 0.00349 0.01164
0.04097 0.00482 0.07234 0.49043 0.00894 0.03157 0.01700 0.01466 0.05033 0.02232 0.00845 0.04466 0.01700 0.03725 0.03276 0.04259 0.03008 0.02058 0.00291 0.01033
0.03946 0.01095 0.00676 0.01150 0.03195 0.00984 0.00620 0.30041 0.01290 0.21438 0.03945 0.00925 0.00780 0.01073 0.01110 0.01845 0.03092 0.21055 0.00422 0.01319
0.04670 0.00344 0.30695 0.20579 0.00704 0.03761 0.02111 0.01119 0.05420 0.01865 0.00784 0.06455 0.01979 0.04832 0.02912 0.05337 0.03473 0.01734 0.00218 0.01005
0.08555 0.01255 0.03181 0.03750 0.01304 0.04484 0.01250 0.02022 0.03423 0.02721 0.01096 0.03139 0.02094 0.02460 0.02606 0.46536 0.05186 0.03407 0.00337 0.01195
0.12541 0.34223 0.01461 0.01970 0.01756 0.04299 0.01000 0.04773 0.02331 0.04792 0.01736 0.02309 0.02006 0.01745 0.02013 0.07164 0.05643 0.06591 0.00387 0.01259
0.06703 0.00552 0.09503 0.14220 0.01078 0.03442 0.02679 0.01814 0.13996 0.03047 0.01422 0.07879 0.02209 0.07721 0.06787 0.07042 0.05289 0.02777 0.00360 0.01478
0.14956 0.00900 0.04603 0.07393 0.01491 0.03506 0.02325 0.02768 0.17159 0.04040 0.01766 0.04668 0.02132 0.05361 0.05733 0.08170 0.07025 0.03977 0.00436 0.01593
0.06357 0.00671 0.06676 0.08920 0.01494 0.03440 0.09577 0.02162 0.07981 0.03378 0.01469 0.16782 0.02065 0.05461 0.05220 0.08224 0.04842 0.03130 0.00421 0.01730
0.16315 0.03956 0.02326 0.03513 0.01440 0.18604 0.01363 0.02615 0.03637 0.03545 0.01553 0.03239 0.02364 0.02768 0.02692 0.17558 0.06556 0.04382 0.00367 0.01209
0.05451 0.57950 0.01138 0.01386 0.01468 0.03105 0.00767 0.03287 0.01640 0.03632 0.01171 0.01500 0.01502 0.01172 0.01519 0.04157 0.03344 0.04326 0.00379 0.01105
0.07382 0.00713 0.06322 0.13504 0.01464 0.03334 0.03528 0.03524 0.09433 0.03998 0.01827 0.05505 0.02246 0.08085 0.06871 0.07397 0.07954 0.04722 0.00445 0.01745
0.08274 0.02296 0.03152 0.05500 0.03075 0.02874 0.14140 0.06699 0.06142 0.08517 0.02972 0.03677 0.01907 0.04292 0.04354 0.05978 0.05689 0.07154 0.00715 0.02593
0.05204 0.00710 0.05600 0.06097 0.01287 0.03432 0.01565 0.01614 0.04562 0.02360 0.00904 0.45949 0.01760 0.03216 0.03190 0.04894 0.03509 0.02417 0.00359 0.01373
0.07367 0.00915 0.04614 0.08004 0.02879 0.03166 0.03769 0.03625 0.09540 0.05237 0.02269 0.04861 0.02133 0.05804 0.06542 0.10404 0.11457 0.04873 0.00541 0.01999
0.07208 0.01681 0.10068 0.15573 0.01367 0.03557 0.02723 0.02376 0.10201 0.03733 0.01696 0.05883 0.02288 0.06503 0.05593 0.08342 0.05661 0.03464 0.00418 0.01666
0.06549 0.00535 0.12390 0.12986 0.01057 0.04815 0.02616 0.01768 0.08684 0.02951 0.01368 0.07381 0.02199 0.11580 0.06578 0.06922 0.05135 0.02705 0.00346 0.01438
0.06280 0.00751 0.03961 0.07298 0.01564 0.02859 0.02599 0.02896 0.21531 0.06856 0.03244 0.04544 0.01969 0.07366 0.09020 0.06044 0.05098 0.03906 0.00486 0.01728
0.07498 0.01331 0.03027 0.05185 0.07571 0.02918 0.02148 0.05776 0.05443 0.07721 0.03104 0.03555 0.01914 0.04019 0.03867 0.13173 0.09711 0.07261 0.00792 0.03987
0.04578 0.01133 0.00967 0.01515 0.02803 0.01405 0.00743 0.14900 0.01788 0.13643 0.03152 0.01234 0.00934 0.01297 0.01460 0.02513 0.03404 0.40659 0.00414 0.01459
0.05112 0.00373 0.18717 0.22663 0.00761 0.03743 0.02250 0.01219 0.06173 0.02065 0.00902 0.12483 0.02046 0.05238 0.03403 0.05754 0.03864 0.01901 0.00241 0.01094
0.08568 0.01016 0.04324 0.07528 0.02250 0.03128 0.02475 0.05141 0.07761 0.05848 0.02496 0.07488 0.02108 0.06590 0.05921 0.07825 0.08006 0.08821 0.00585 0.02121
0.03967 0.01069 0.00752 0.01286 0.07883 0.01100 0.00852 0.31937 0.01462 0.19291 0.04448 0.01068 0.00867 0.01277 0.01295 0.02101 0.03138 0.13428 0.00610 0.02170
0.03171 0.00788 0.01011 0.01436 0.03870 0.01356 0.00806 0.08400 0.01816 0.53990 0.04040 0.01117 0.00912 0.01336 0.01592 0.01999 0.02384 0.07589 0.00543 0.01842
0.07343 0.00901 0.04616 0.08063 0.03035 0.03154 0.04279 0.03577 0.08543 0.05190 0.02252 0.04886 0.02134 0.06835 0.08768 0.12019 0.05828 0.06016 0.00542 0.02019
0.05807 0.00460 0.20247 0.17353 0.00924 0.03596 0.02435 0.01527 0.07561 0.02555 0.01152 0.06184 0.02112 0.07403 0.05987 0.06296 0.04491 0.02337 0.00298 0.01275
0.07240 0.00829 0.05009 0.08487 0.02807 0.03207 0.06310 0.03198 0.08658 0.05837 0.02079 0.10758 0.02152 0.07000 0.05553 0.08194 0.05739 0.04380 0.00525 0.02038
0.06193 0.00667 0.04841 0.07989 0.01302 0.13944 0.03991 0.02331 0.13566 0.03707 0.01630 0.04871 0.02008 0.06115 0.10441 0.06158 0.04956 0.03288 0.00429 0.01573
0.04152 0.01146 0.00692 0.01128 0.02584 0.01026 0.00558 0.31818 0.01254 0.11786 0.03184 0.00923 0.00763 0.00971 0.01042 0.01871 0.03182 0.30407 0.00350 0.01166
0.06815 0.01410 0.02012 0.03467 0.03327 0.02422 0.01605 0.09102 0.03841 0.17735 0.03542 0.02573 0.03991 0.02872 0.02937 0.04837 0.06723 0.17825 0.00684 0.02279
0.12350 0.21577 0.01831 0.02721 0.01857 0.07192 0.01263 0.03827 0.02995 0.04645 0.01927 0.02819 0.02242 0.02317 0.02412 0.08178 0.12294 0.05696 0.00439 0.01417
0.04401 0.00798 0.02331 0.02626 0.01004 0.03008 0.00919 0.01470 0.02422 0.02202 0.00759 0.01989 0.62619 0.01655 0.01963 0.03687 0.02771 0.02160 0.00331 0.00885
0.09902 0.01394 0.03237 0.04527 0.01331 0.11684 0.01512 0.02398 0.04306 0.03313 0.01457 0.03638 0.02322 0.03200 0.03055 0.14487 0.22670 0.04018 0.00351 0.01198
0.03171 0.00788 0.01011 0.01436 0.03870 0.01356 0.00806 0.08400 0.01816 0.53990 0.04040 0.01117 0.00912 0.01336 0.01592 0.01999 0.02384 0.07589 0.00543 0.01842
0.08485 0.06298 0.02036 0.02902 0.01600 0.04126 0.01217 0.03172 0.03223 0.03970 0.01547 0.02661 0.35417 0.02310 0.02532 0.06845 0.05315 0.04651 0.00401 0.01291
0.07424 0.00915 0.06797 0.09152 0.04620 0.03170 0.02566 0.03699 0.12353 0.07499 0.03210 0.04921 0.02146 0.05844 0.05318 0.06953 0.05891 0.04954 0.00544 0.02022
0.04309 0.01153 0.00769 0.01244 0.02573 0.01130 0.00603 0.21263 0.01397 0.11417 0.03115 0.01012 0.00809 0.01058 0.01145 0.02057 0.03274 0.40097 0.00359 0.01215
0.04767 0.01246 0.00876 0.01462 0.02584 0.01285 0.00727 0.26125 0.01625 0.10527 0.03094 0.01188 0.00912 0.01244 0.01326 0.02414 0.05501 0.31352 0.00402 0.01342
0.04401 0.00798 0.02331 0.02626 0.01004 0.03008 0.00919 0.01470 0.02422 0.02202 0.00759 0.01989 0.62619 0.01655 0.01963 0.03687 0.02771 0.02160 0.00331 0.00885
0.03753 0.00440 0.54137 0.07966 0.00789 0.03266 0.01527 0.01119 0.03622 0.01728 0.00641 0.04521 0.01669 0.03249 0.02100 0.03990 0.02654 0.01646 0.00258 0.00925
0.04925 0.00862 0.02386 0.02545 0.00828 0.65216 0.00849 0.01154 0.02052 0.01687 0.00631 0.02022 0.01573 0.01513 0.01678 0.04113 0.02985 0.01941 0.00298 0.00740
0.03620 0.00946 0.01061 0.01653 0.22316 0.01422 0.02518 0.04995 0.01916 0.08982 0.04967 0.01750 0.01037 0.01790 0.01743 0.02785 0.02895 0.05408 0.02040 0.26156
0.05728 0.02261 0.03474 0.06633 0.01292 0.02741 0.02569 0.02434 0.24534 0.03850 0.01652 0.04260 0.01872 0.06047 0.15089 0.05563 0.04661 0.03343 0.00450 0.01546
0.03779 0.00996 0.00751 0.01334 0.09715 0.01105 0.00865 0.10406 0.01514 0.38208 0.07503 0.01075 0.00908 0.01412 0.01379 0.02152 0.03040 0.11248 0.00638 0.01971
0.07547 0.01415 0.02852 0.05004 0.05226 0.02794 0.02090 0.10354 0.05294 0.08451 0.03407 0.06561 0.01890 0.03941 0.03806 0.06919 0.09580 0.09471 0.00769 0.02628
0.06199 0.00642 0.11105 0.09613 0.00987 0.24627 0.02047 0.01631 0.05694 0.02521 0.01090 0.09085 0.02081 0.04642 0.03378 0.06252 0.04396 0.02545 0.00287 0.01177
0.06276 0.00534 0.10779 0.10381 0.01048 0.03521 0.02520 0.01765 0.14152 0.02902 0.01320 0.14137 0.02148 0.06017 0.05061 0.08163 0.04882 0.02666 0.00337 0.01391
0.07471 0.01422 0.02260 0.03836 0.02858 0.02833 0.01649 0.09792 0.04156 0.08003 0.03020 0.02852 0.01749 0.03076 0.03084 0.07317 0.14716 0.17165 0.00625 0.02115
0.03320 0.00870 0.00759 0.01264 0.04307 0.00998 0.00722 0.13503 0.01561 0.46225 0.05076 0.00972 0.00803 0.01289 0.01366 0.01830 0.02614 0.10326 0.00529 0.01666
0.03987 0.01059 0.00787 0.01307 0.03301 0.01094 0.00688 0.37797 0.01554 0.15522 0.05705 0.01036 0.00828 0.01209 0.01313 0.02022 0.03090 0.15825 0.00443 0.01434
0.03344 0.00892 0.00719 0.01213 0.04224 0.00964 0.00694 0.15703 0.01466 0.43935 0.05071 0.00936 0.00790 0.01242 0.01291 0.01784 0.02645 0.10984 0.00516 0.01586
0.03171 0.00788 0.01011 0.01436 0.03870 0.01356 0.00806 0.08400 0.01816 0.53990 0.04040 0.01117 0.00912 0.01336 0.01592 0.01999 0.02384 0.07589 0.00543 0.01842
0.04097 0.00482 0.07234 0.49043 0.00894 0.03157 0.01700 0.01466 0.05033 0.02232 0.00845 0.04466 0.01700 0.03725 0.03276 0.04259 0.03008 0.02058 0.00291 0.01033
0.10649 0.12230 0.01737 0.02840 0.02630 0.03497 0.01397 0.07168 0.03154 0.07145 0.02743 0.02572 0.01896 0.02440 0.02516 0.06417 0.13508 0.12988 0.00576 0.01895
0.02736 0.00724 0.01018 0.01283 0.50979 0.01477 0.01803 0.04508 0.01414 0.08948 0.02246 0.01338 0.00934 0.01280 0.01336 0.02126 0.02019 0.04472 0.01496 0.07865
0.04915 0.01117 0.01145 0.01580 0.02355 0.01870 0.00737 0.12572 0.01795 0.09108 0.02517 0.01363 0.01077 0.01272 0.01489 0.03006 0.03433 0.46937 0.00380 0.01333
0.03639 0.00598 0.02167 0.03691 0.01067 0.02369 0.01760 0.01648 0.09229 0.02799 0.01030 0.02635 0.01442 0.03865 0.52066 0.03373 0.02827 0.02192 0.00399 0.01204
0.08845 0.01431 0.02598 0.04080 0.02128 0.03849 0.01594 0.05122 0.04301 0.05646 0.02251 0.03222 0.02061 0.03154 0.03145 0.18009 0.09726 0.16646 0.00498 0.01693
0.07719 0.00949 0.05857 0.07227 0.01224 0.04152 0.01898 0.01972 0.05788 0.02913 0.01269 0.17438 0.02166 0.04221 0.03823 0.21358 0.05198 0.03176 0.00341 0.01314
0.06240 0.00714 0.05781 0.08174 0.01545 0.03246 0.04097 0.02457 0.08664 0.03788 0.01618 0.04947 0.17513 0.08696 0.05986 0.06109 0.04827 0.03432 0.00444 0.01720
0.11353 0.00714 0.07838 0.15762 0.01456 0.03387 0.02602 0.03703 0.08613 0.03951 0.01770 0.05497 0.02197 0.06164 0.05326 0.07088 0.06723 0.03743 0.00429 0.01682
0.08058 0.00611 0.07584 0.16047 0.01140 0.03592 0.02432 0.01955 0.07761 0.03094 0.01388 0.12529 0.02150 0.05734 0.04736 0.11539 0.04968 0.02918 0.00349 0.01415
0.02736 0.00724 0.01018 0.01283 0.50979 0.01477 0.01803 0.04508 0.01414 0.08948 0.02246 0.01338 0.00934 0.01280 0.01336 0.02126 0.02019 0.04472 0.01496 0.07865
0.05073 0.00463 0.08907 0.34066 0.00945 0.03467 0.02217 0.01567 0.07164 0.02546 0.01061 0.05724 0.01949 0.07148 0.04595 0.05453 0.03865 0.02278 0.00296 0.01214
0.05886 0.00632 0.04092 0.07485 0.01223 0.02833 0.02657 0.03732 0.21053 0.03663 0.01604 0.04641 0.01946 0.12622 0.10114 0.05886 0.04813 0.03146 0.00433 0.01540
0.03985 0.00563 0.03290 0.04990 0.00981 0.02533 0.01971 0.01705 0.47838 0.02774 0.01067 0.03310 0.01554 0.04465 0.08088 0.03869 0.03141 0.02310 0.00377 0.01188
0.02133 0.00673 0.00781 0.01027 0.17905 0.01057 0.03098 0.02791 0.01233 0.05552 0.01589 0.01526 0.00794 0.01392 0.01274 0.01996 0.01731 0.03080 0.13857 0.36512
0.06886 0.00699 0.04975 0.09808 0.01416 0.03160 0.02699 0.04722 0.16958 0.03962 0.01782 0.06335 0.02141 0.07564 0.07862 0.06866 0.06441 0.03587 0.00447 0.01692
0.07865 0.00655 0.06022 0.16028 0.01302 0.03366 0.02663 0.02263 0.09320 0.03602 0.01643 0.05561 0.02199 0.08724 0.06839 0.10151 0.06468 0.03312 0.00408 0.01611
0.03753 0.00440 0.54137 0.07966 0.00789 0.03266 0.01527 0.01119 0.03622 0.01728 0.00641 0.04521 0.01669 0.03249 0.02100 0.03990 0.02654 0.01646 0.00258 0.00925
0.07400 0.01644 0.01908 0.03408 0.07699 0.02503 0.01886 0.08036 0.03797 0.12775 0.08926 0.02663 0.01732 0.02996 0.03069 0.06327 0.08360 0.09645 0.00922 0.04303
0.08355 0.01025 0.04311 0.08602 0.02297 0.03106 0.02477 0.05222 0.08524 0.07010 0.02540 0.05812 0.02104 0.05471 0.05017 0.09199 0.08641 0.07546 0.00593 0.02150
0.03985 0.00563 0.03290 0.04990 0.00981 0.02533 0.01971 0.01705 0.47838 0.02774 0.01067 0.03310 0.01554 0.04465 0.08088 0.03869 0.03141 0.02310 0.00377 0.01188
0.03171 0.00788 0.01011 0.01436 0.03870 0.01356 0.00806 0.08400 0.01816 0.53990 0.04040 0.01117 0.00912 0.01336 0.01592 0.01999 0.02384 0.07589 0.00543 0.01842
0.08603 0.00979 0.05635 0.10474 0.02192 0.03130 0.02487 0.04079 0.07781 0.09955 0.05672 0.05686 0.02107 0.05540 0.05041 0.06756 0.05852 0.05375 0.00571 0.02088
0.07638 0.02281 0.04834 0.08119 0.01685 0.03434 0.02483 0.03024 0.08290 0.04468 0.01974 0.07814 0.02194 0.11423 0.05345 0.11642 0.06830 0.04263 0.00475 0.01782
0.03549 0.00943 0.00728 0.01253 0.04050 0.00996 0.00695 0.14646 0.01463 0.41860 0.04968 0.00968 0.00810 0.01258 0.01275 0.01880 0.02806 0.13851 0.00501 0.01499
0.05545 0.00619 0.04037 0.07006 0.01096 0.02829 0.02556 0.02019 0.27751 0.03346 0.01451 0.04439 0.01876 0.06066 0.11270 0.08924 0.04478 0.02863 0.00409 0.01420
0.07005 0.00593 0.07447 0.15181 0.01172 0.04558 0.03578 0.01984 0.11597 0.03272 0.01528 0.05843 0.03284 0.07509 0.05688 0.09288 0.05531 0.03005 0.00381 0.01555
0.03753 0.00440 0.54137 0.07966 0.00789 0.03266 0.01527 0.01119 0.03622 0.01728 0.00641 0.04521 0.01669 0.03249 0.02100 0.03990 0.02654 0.01646 0.00258 0.00925
0.03513 0.00924 0.00744 0.01274 0.04118 0.01007 0.00706 0.13693 0.01508 0.43377 0.05013 0.00981 0.00815 0.01281 0.01310 0.01894 0.02771 0.13029 0.00507 0.01533
0.08476 0.00767 0.05113 0.09912 0.01605 0.03255 0.03529 0.02855 0.11995 0.05948 0.02853 0.05283 0.02202 0.08960 0.05949 0.09187 0.05818 0.04011 0.00473 0.01811
0.06926 0.00797 0.04470 0.07872 0.01583 0.03134 0.02577 0.02891 0.11762 0.04358 0.01912 0.04825 0.02089 0.06024 0.13534 0.11024 0.06578 0.05425 0.00476 0.01744
0.11989 0.02488 0.03392 0.05924 0.02876 0.03027 0.03359 0.05435 0.06197 0.07299 0.03020 0.03904 0.02007 0.05676 0.04273 0.08183 0.06964 0.10890 0.00693 0.02406
0.05895 0.00570 0.14642 0.10178 0.00924 0.22753 0.02091 0.01515 0.05741 0.02387 0.01033 0.07977 0.02070 0.04771 0.03321 0.06106 0.04237 0.02366 0.00273 0.01149
0.03993 0.01108 0.00687 0.01149 0.02920 0.00985 0.00591 0.35240 0.01293 0.15784 0.03593 0.00922 0.00764 0.01032 0.01088 0.01827 0.03103 0.22284 0.00387 0.01252
0.08082 0.01165 0.03874 0.06138 0.02028 0.03597 0.02064 0.05405 0.06299 0.05205 0.02186 0.06670 0.02111 0.04431 0.04307 0.08560 0.20132 0.05396 0.00515 0.01834
0.03267 0.00841 0.00783 0.01325 0.04488 0.01011 0.00752 0.10416 0.01670 0.47874 0.07236 0.01004 0.00822 0.01371 0.01460 0.01872 0.02588 0.08993 0.00547 0.01679
0.04124 0.01147 0.00694 0.01170 0.02857 0.01007 0.00609 0.23834 0.01300 0.16539 0.03511 0.00946 0.00780 0.01043 0.01095 0.01885 0.03213 0.32587 0.00392 0.01268
0.04401 0.00798 0.02331 0.02626 0.01004 0.03008 0.00919 0.01470 0.02422 0.02202 0.00759 0.01989 0.62619 0.01655 0.01963 0.03687 0.02771 0.02160 0.00331 0.00885
0.04189 0.01144 0.00723 0.01256 0.03471 0.01088 0.00723 0.21563 0.01406 0.22570 0.06061 0.01027 0.00858 0.01206 0.01234 0.02084 0.03308 0.24121 0.00485 0.01484
0.04163 0.01150 0.00693 0.01129 0.02568 0.01027 0.00558 0.30095 0.01255 0.11674 0.03164 0.00924 0.00763 0.00970 0.01042 0.01874 0.03191 0.32247 0.00349 0.01164
0.03753 0.00440 0.54137 0.07966 0.00789 0.03266 0.01527 0.01119 0.03622 0.01728 0.00641 0.04521 0.01669 0.03249 0.02100 0.03990 0.02654 0.01646 0.00258 0.00925
0.04925 0.00862 0.02386 0.02545 0.00828 0.65216 0.00849 0.01154 0.02052 0.01687 0.00631 0.02022 0.01573 0.01513 0.01678 0.04113 0.02985 0.01941 0.00298 0.00740
0.03639 0.00598 0.02167 0.03691 0.01067 0.02369 0.01760 0.01648 0.09229 0.02799 0.01030 0.02635 0.01442 0.03865 0.52066 0.03373 0.02827 0.02192 0.00399 0.01204
0.10115 0.05856 0.02369 0.03720 0.01774 0.06417 0.01486 0.03313 0.03928 0.04405 0.01881 0.03253 0.02283 0.02958 0.02903 0.18374 0.18013 0.05056 0.00439 0.01458
0.06441 0.00631 0.10161 0.09835 0.01075 0.03772 0.02258 0.01794 0.06771 0.02816 0.01247 0.16521 0.02131 0.05239 0.04062 0.16121 0.04746 0.02744 0.00320 0.01314
0.02228 0.00673 0.00864 0.01143 0.23556 0.01101 0.02968 0.03078 0.01343 0.06172 0.01709 0.01549 0.00812 0.01436 0.01332 0.02049 0.01788 0.03305 0.02615 0.40279
0.06873 0.00758 0.07525 0.09028 0.01738 0.03317 0.02530 0.02876 0.08057 0.04294 0.01877 0.08333 0.02131 0.06921 0.05054 0.08716 0.05398 0.03975 0.00477 0.10123
0.07930 0.01098 0.04145 0.06392 0.01845 0.03615 0.02051 0.03864 0.06392 0.04850 0.02017 0.14152 0.02103 0.04490 0.04315 0.06975 0.13033 0.08543 0.00474 0.01714
0.06606 0.00551 0.10800 0.16483 0.01090 0.03498 0.02617 0.01834 0.08721 0.03034 0.01403 0.07001 0.02199 0.06312 0.08349 0.09726 0.05180 0.02786 0.00353 0.01460
0.07079 0.01331 0.02789 0.04909 0.09720 0.02654 0.03538 0.06027 0.05395 0.12619 0.03275 0.03394 0.01825 0.05955 0.05029 0.05584 0.05625 0.07457 0.00922 0.04873
0.05345 0.01346 0.01015 0.01823 0.07535 0.01617 0.01174 0.14996 0.02088 0.21252 0.11258 0.01541 0.01203 0.01808 0.01867 0.03213 0.05563 0.12382 0.00725 0.02250
0.10255 0.00917 0.05763 0.09305 0.01383 0.03797 0.02000 0.02613 0.06278 0.03650 0.01536 0.04659 0.21863 0.04449 0.04196 0.06667 0.05096 0.03791 0.00380 0.01401
0.04704 0.00345 0.28774 0.22198 0.00708 0.03759 0.02122 0.01126 0.05481 0.01880 0.00793 0.06458 0.01985 0.04865 0.02952 0.05370 0.03503 0.01746 0.00220 0.01012
0.02258 0.00629 0.01111 0.01393 0.05118 0.01773 0.01429 0.02163 0.01840 0.04152 0.01163 0.01260 0.01033 0.01266 0.01696 0.01847 0.01648 0.02398 0.60655 0.05169
0.16907 0.01439 0.01845 0.02882 0.02270 0.03147 0.01244 0.08835 0.03112 0.07023 0.02493 0.02442 0.01712 0.02322 0.02391 0.05721 0.07394 0.24790 0.00468 0.01565
0.07457 0.02670 0.02639 0.04609 0.03136 0.02764 0.01931 0.09778 0.04911 0.08267 0.03262 0.09073 0.01825 0.03646 0.03553 0.05684 0.07861 0.13800 0.00712 0.02424
0.06249 0.00568 0.11830 0.23540 0.02947 0.03501 0.02467 0.02049 0.07666 0.03200 0.01413 0.05863 0.02125 0.05790 0.04585 0.06511 0.04854 0.02972 0.00363 0.01506
0.04333 0.00507 0.02831 0.05767 0.00850 0.02347 0.02616 0.01666 0.22082 0.03015 0.01274 0.03869 0.01658 0.08103 0.26959 0.04418 0.03733 0.02305 0.00400 0.01268
0.04313 0.01135 0.00782 0.01397 0.14764 0.01252 0.00940 0.15630 0.01599 0.25384 0.07181 0.01178 0.00990 0.01468 0.01476 0.02448 0.03454 0.11910 0.00661 0.02039
0.03639 0.00598 0.02167 0.03691 0.01067 0.02369 0.01760 0.01648 0.09229 0.02799 0.01030 0.02635 0.01442 0.03865 0.52066 0.03373 0.02827 0.02192 0.00399 0.01204
0.07095 0.00872 0.07399 0.09198 0.02052 0.03181 0.04735 0.03478 0.08064 0.05045 0.02172 0.04961 0.02106 0.05677 0.05204 0.06699 0.06643 0.04670 0.08672 0.02077
0.07306 0.01338 0.02983 0.05175 0.03276 0.02772 0.03319 0.07336 0.05771 0.17984 0.03285 0.04704 0.01878 0.04092 0.04185 0.05772 0.07724 0.07705 0.00758 0.02637
0.03320 0.00870 0.00759 0.01264 0.04307 0.00998 0.00722 0.13503 0.01561 0.46225 0.05076 0.00972 0.00803 0.01289 0.01366 0.01830 0.02614 0.10326 0.00529 0.01666
0.03979 0.01063 0.00758 0.01315 0.15672 0.01156 0.00978 0.20850 0.01508 0.23273 0.04872 0.01124 0.00918 0.01375 0.01378 0.02233 0.03175 0.11007 0.00724 0.02640
0.06431 0.00545 0.10860 0.12513 0.01077 0.03491 0.02574 0.01822 0.15729 0.02998 0.01373 0.05917 0.02170 0.06175 0.05244 0.11519 0.05033 0.02749 0.00348 0.01432
0.03422 0.00926 0.00692 0.01174 0.04086 0.00951 0.00673 0.19391 0.01396 0.39764 0.04954 0.00915 0.00783 0.01198 0.01235 0.01768 0.02709 0.11934 0.00501 0.01527
0.04591 0.01083 0.01164 0.02026 0.04089 0.01486 0.01055 0.10176 0.02406 0.36182 0.08470 0.01534 0.01099 0.01888 0.01987 0.02906 0.05521 0.09884 0.00603 0.01850
0.07928 0.00584 0.08680 0.13518 0.01143 0.03406 0.02719 0.01938 0.12289 0.03224 0.01505 0.06985 0.02226 0.06616 0.09740 0.07181 0.05463 0.02941 0.00379 0.01536
0.08309 0.01222 0.03603 0.08053 0.07966 0.04028 0.02312 0.05368 0.08258 0.08335 0.03009 0.04042 0.01996 0.04728 0.04470 0.06272 0.05932 0.06811 0.00702 0.04586
0.09756 0.01065 0.04335 0.08234 0.02130 0.03314 0.02240 0.04129 0.06924 0.09730 0.02323 0.04377 0.02070 0.04869 0.04647 0.16175 0.05704 0.05479 0.00543 0.01953
0.05402 0.00548 0.04050 0.07348 0.00987 0.02745 0.02672 0.01819 0.16976 0.03162 0.01396 0.06359 0.01885 0.13309 0.16924 0.05542 0.04469 0.02615 0.00398 0.01392
0.07193 0.00661 0.07184 0.14568 0.02163 0.05157 0.02707 0.02305 0.09196 0.03665 0.01686 0.05674 0.02244 0.08733 0.05645 0.09002 0.06766 0.03386 0.00414 0.01653
0.08263 0.00763 0.07785 0.09092 0.01524 0.03413 0.02584 0.02696 0.08545 0.04086 0.03612 0.10003 0.02208 0.06090 0.05322 0.12317 0.05692 0.03842 0.00444 0.01721
0.08125 0.00711 0.05835 0.10669 0.01435 0.06753 0.02654 0.02508 0.08954 0.04743 0.01767 0.08397 0.03139 0.07182 0.05560 0.10137 0.05688 0.03620 0.00431 0.01692
0.09065 0.00629 0.06921 0.14868 0.01250 0.03392 0.02722 0.02144 0.12647 0.03479 0.01612 0.05694 0.02236 0.06595 0.06882 0.08150 0.06514 0.03194 0.00400 0.01605
0.07223 0.01483 0.02348 0.06639 0.03617 0.02533 0.01913 0.11763 0.04506 0.12930 0.06914 0.02974 0.01749 0.03409 0.03383 0.06453 0.05723 0.10978 0.00796 0.02667
0.04544 0.01195 0.00836 0.01448 0.14346 0.01299 0.00969 0.21950 0.01643 0.16037 0.04333 0.01233 0.00983 0.01422 0.01460 0.02512 0.03583 0.17269 0.00652 0.02288
0.04097 0.00482 0.07234 0.49043 0.00894 0.03157 0.01700 0.01466 0.05033 0.02232 0.00845 0.04466 0.01700 0.03725 0.03276 0.04259 0.03008 0.02058 0.00291 0.01033
0.04856 0.00374 0.16088 0.33504 0.00758 0.03713 0.02148 0.01224 0.05754 0.02016 0.00856 0.06326 0.01991 0.04939 0.03186 0.05462 0.03635 0.01877 0.00236 0.01058
0.08468 0.00964 0.04486 0.07376 0.01994 0.03242 0.02380 0.03693 0.07860 0.09168 0.02214 0.04594 0.02084 0.10445 0.05278 0.12711 0.05647 0.04941 0.00528 0.01929
0.04097 0.00482 0.07234 0.49043 0.00894 0.03157 0.01700 0.01466 0.05033 0.02232 0.00845 0.04466 0.01700 0.03725 0.03276 0.04259 0.03008 0.02058 0.00291 0.01033
0.02644 0.00662 0.01467 0.01822 0.09537 0.01604 0.02312 0.02707 0.02115 0.04999 0.01414 0.01744 0.01002 0.01658 0.01860 0.02372 0.01979 0.03042 0.01829 0.53232
0.07413 0.00868 0.04868 0.10455 0.03059 0.03210 0.03448 0.03410 0.08575 0.05994 0.02186 0.05055 0.02170 0.09212 0.05468 0.10770 0.05882 0.05471 0.00523 0.01965
0.03639 0.00598 0.02167 0.03691 0.01067 0.02369 0.01760 0.01648 0.09229 0.02799 0.01030 0.02635 0.01442 0.03865 0.52066 0.03373 0.02827 0.02192 0.00399 0.01204
0.03171 0.00788 0.01011 0.01436 0.03870 0.01356 0.00806 0.08400 0.01816 0.53990 0.04040 0.01117 0.00912 0.01336 0.01592 0.01999 0.02384 0.07589 0.00543 0.01842
0.05477 0.11043 0.00942 0.01612 0.03008 0.01601 0.00930 0.22108 0.01832 0.10755 0.03377 0.01400 0.01095 0.01461 0.01567 0.03045 0.04181 0.22303 0.00525 0.01738
0.06854 0.00695 0.05994 0.15996 0.01559 0.03309 0.07449 0.02538 0.08824 0.03923 0.01747 0.05422 0.02154 0.06124 0.05597 0.09282 0.05412 0.03598 0.00451 0.03071
0.08555 0.01255 0.03181 0.03750 0.01304 0.04484 0.01250 0.02022 0.03423 0.02721 0.01096 0.03139 0.02094 0.02460 0.02606 0.46536 0.05186 0.03407 0.00337 0.01195
0.03171 0.00788 0.01011 0.01436 0.03870 0.01356 0.00806 0.08400 0.01816 0.53990 0.04040 0.01117 0.00912 0.01336 0.01592 0.01999 0.02384 0.07589 0.00543 0.01842
0.07303 0.00841 0.05586 0.08080 0.01379 0.03639 0.02297 0.02447 0.09575 0.03676 0.01620 0.07953 0.02153 0.05302 0.05117 0.20663 0.06849 0.03599 0.00403 0.01517
0.08500 0.00947 0.04552 0.07912 0.02057 0.03178 0.02527 0.03792 0.10858 0.05398 0.04039 0.08389 0.02137 0.05718 0.05288 0.07985 0.07099 0.07051 0.00550 0.02023
0.08694 0.01404 0.02753 0.04821 0.03186 0.02824 0.02005 0.06879 0.05140 0.10828 0.04607 0.03346 0.01871 0.03808 0.03703 0.08168 0.12279 0.10476 0.00729 0.02480
0.07206 0.00729 0.05434 0.12378 0.01497 0.07170 0.02676 0.03871 0.10947 0.04080 0.01840 0.05378 0.02202 0.06367 0.06773 0.09789 0.05708 0.03766 0.00450 0.01739
0.06847 0.00700 0.08890 0.09420 0.01249 0.09129 0.02358 0.02162 0.07359 0.03309 0.01472 0.16509 0.02163 0.05499 0.04499 0.06831 0.05133 0.04645 0.00367 0.01461
0.04915 0.00531 0.03491 0.06621 0.00929 0.02563 0.02645 0.01757 0.19200 0.03104 0.01343 0.04255 0.01781 0.16487 0.16999 0.05027 0.04133 0.02481 0.00400 0.01338
0.08689 0.00935 0.04535 0.07749 0.01872 0.03299 0.02469 0.03420 0.08250 0.06876 0.02146 0.06025 0.02145 0.05625 0.07862 0.14109 0.06913 0.04679 0.00513 0.01888
0.07278 0.01249 0.02734 0.04164 0.02839 0.03136 0.01686 0.05676 0.04628 0.21103 0.02674 0.03075 0.01809 0.03211 0.03459 0.16368 0.05181 0.06927 0.00602 0.02200
0.04925 0.00862 0.02386 0.02545 0.00828 0.65216 0.00849 0.01154 0.02052 0.01687 0.00631 0.02022 0.01573 0.01513 0.01678 0.04113 0.02985 0.01941 0.00298 0.00740
0.06963 0.01353 0.01017 0.01823 0.08224 0.01615 0.01168 0.13927 0.02083 0.24170 0.06653 0.01540 0.01199 0.01796 0.01857 0.03207 0.04266 0.14190 0.00717 0.02235
0.05226 0.00410 0.12414 0.31389 0.00838 0.03666 0.02275 0.01370 0.06568 0.02274 0.00989 0.06296 0.02038 0.07194 0.03791 0.05783 0.03976 0.02085 0.00263 0.01155
0.08024 0.00976 0.05749 0.07310 0.01169 0.06247 0.01923 0.01979 0.05838 0.02959 0.01312 0.14737 0.02217 0.04335 0.03785 0.21210 0.05414 0.03227 0.00333 0.01257
0.03494 0.00955 0.00659 0.01158 0.04206 0.00946 0.00683 0.20335 0.01332 0.36529 0.07517 0.00910 0.00800 0.01214 0.01203 0.01804 0.02799 0.11454 0.00517 0.01486
0.06839 0.00646 0.05842 0.14043 0.01306 0.03294 0.03838 0.02271 0.12225 0.05967 0.01649 0.09522 0.02173 0.06430 0.06229 0.06955 0.05434 0.03302 0.00414 0.01621
0.08918 0.07376 0.01650 0.02881 0.03562 0.02585 0.01584 0.13841 0.03223 0.09524 0.03637 0.02389 0.01661 0.02544 0.02639 0.07916 0.05657 0.15121 0.00765 0.02528
0.03552 0.00941 0.00736 0.01265 0.04061 0.01003 0.00700 0.14242 0.01481 0.42181 0.04971 0.00976 0.00814 0.01268 0.01288 0.01893 0.02806 0.13811 0.00502 0.01509
0.06975 0.00869 0.04293 0.07565 0.01829 0.03063 0.02520 0.03484 0.19022 0.06169 0.03092 0.04662 0.02058 0.05774 0.06333 0.07608 0.07629 0.04667 0.00515 0.01871
0.06298 0.00524 0.15445 0.14644 0.01033 0.03468 0.02575 0.01743 0.09830 0.02905 0.01331 0.05918 0.02154 0.06188 0.09945 0.06669 0.04942 0.02643 0.00341 0.01404
0.08564 0.01799 0.05055 0.09842 0.01702 0.03264 0.04369 0.03041 0.08987 0.04560 0.02031 0.09216 0.02202 0.06249 0.07699 0.08133 0.05877 0.05064 0.00488 0.01860
0.07386 0.01842 0.04415 0.07730 0.01967 0.06607 0.03448 0.03581 0.08487 0.06082 0.02239 0.04750 0.02122 0.05712 0.11903 0.08590 0.05803 0.04832 0.00537 0.01966
0.07735 0.01387 0.02879 0.04926 0.03029 0.04319 0.02006 0.07485 0.05281 0.15853 0.03130 0.03442 0.01926 0.03857 0.03807 0.11086 0.06983 0.07770 0.00702 0.02400
0.06323 0.00515 0.13346 0.16048 0.01021 0.04695 0.02532 0.01702 0.08029 0.02821 0.01294 0.09625 0.03641 0.06064 0.04737 0.06727 0.06571 0.02602 0.00327 0.01380
0.03477 0.00706 0.02155 0.03152 0.10350 0.01732 0.16406 0.02776 0.03745 0.05002 0.01630 0.02538 0.01180 0.02697 0.02925 0.03290 0.02761 0.03318 0.01998 0.28162
0.07408 0.00793 0.07541 0.10573 0.02583 0.03279 0.02668 0.03980 0.10972 0.04511 0.02013 0.06432 0.02210 0.06277 0.05592 0.07234 0.05876 0.04185 0.00485 0.05386
0.08010 0.00573 0.12592 0.16928 0.01142 0.03521 0.02573 0.01941 0.08329 0.03136 0.01434 0.07245 0.02192 0.06158 0.04995 0.07978 0.05158 0.04262 0.00358 0.01473
0.06238 0.00565 0.07244 0.14530 0.01092 0.03229 0.02636 0.01904 0.11621 0.03168 0.01437 0.05445 0.02092 0.06347 0.16345 0.06478 0.04975 0.02816 0.00376 0.01461
0.03758 0.01024 0.00693 0.01197 0.03731 0.00993 0.00671 0.19494 0.01359 0.34182 0.04614 0.00948 0.00805 0.01179 0.01191 0.01881 0.02970 0.17405 0.00476 0.01428
0.08344 0.01114 0.04847 0.08042 0.02552 0.03024 0.02400 0.06521 0.07153 0.09509 0.05053 0.06850 0.02056 0.05143 0.04738 0.06552 0.06975 0.06215 0.00638 0.02274
0.08665 0.00626 0.05594 0.14152 0.01222 0.03238 0.02684 0.02141 0.15924 0.03481 0.01585 0.05385 0.02143 0.06466 0.08176 0.08095 0.05316 0.03138 0.00405 0.01564
0.09756 0.01384 0.02934 0.05174 0.03291 0.02780 0.02122 0.07648 0.05491 0.11502 0.04701 0.03508 0.01896 0.05000 0.03919 0.10347 0.05921 0.09272 0.00760 0.02595
0.05714 0.10475 0.01195 0.02114 0.04069 0.01836 0.01258 0.10404 0.02475 0.23249 0.07765 0.01749 0.01292 0.02001 0.02118 0.03609 0.04460 0.11214 0.00712 0.02292
0.06979 0.01291 0.02844 0.04994 0.07299 0.02641 0.09329 0.05841 0.05399 0.10113 0.03187 0.03430 0.01816 0.03971 0.05207 0.05575 0.05543 0.08511 0.00948 0.05084
0.07427 0.00783 0.06222 0.10121 0.01652 0.04254 0.02684 0.03909 0.09867 0.04439 0.01989 0.05318 0.02219 0.07942 0.06585 0.08276 0.06690 0.07306 0.00479 0.01839
0.08326 0.02926 0.06158 0.06688 0.01571 0.21670 0.01995 0.02816 0.05998 0.03992 0.01735 0.06200 0.02208 0.04409 0.03942 0.07445 0.05784 0.04186 0.00420 0.01531
0.04207 0.01152 0.00720 0.01243 0.04960 0.01089 0.00728 0.28714 0.01386 0.18832 0.04110 0.01025 0.00853 0.01186 0.01215 0.02079 0.03315 0.21139 0.00490 0.01557
0.06776 0.00644 0.07465 0.09495 0.01291 0.03358 0.02622 0.02247 0.11124 0.03559 0.01610 0.16053 0.02168 0.06259 0.06802 0.06893 0.05341 0.04303 0.00403 0.01587
0.07726 0.00884 0.06034 0.08069 0.01201 0.09735 0.02121 0.02066 0.06614 0.03144 0.01407 0.16285 0.06063 0.04884 0.04184 0.09203 0.05432 0.03257 0.00350 0.01342
0.06580 0.00542 0.11509 0.11522 0.01072 0.03496 0.03788 0.01799 0.13416 0.02994 0.01387 0.10109 0.02199 0.06336 0.05315 0.08227 0.05165 0.02743 0.00350 0.01451
0.04139 0.01097 0.00781 0.01381 0.04046 0.01156 0.00819 0.15634 0.01561 0.25823 0.14189 0.01112 0.00921 0.01381 0.01386 0.02245 0.03299 0.16819 0.00558 0.01654
0.07871 0.00963 0.04372 0.07164 0.01500 0.05182 0.02273 0.02693 0.07967 0.03998 0.01765 0.04600 0.02183 0.05227 0.11531 0.16200 0.08531 0.03961 0.00434 0.01584
0.10600 0.02363 0.04041 0.11430 0.02400 0.04237 0.02382 0.05534 0.07190 0.06192 0.02618 0.04419 0.02090 0.05162 0.04739 0.07730 0.07096 0.06992 0.00608 0.02176
0.07389 0.00878 0.08190 0.08382 0.01962 0.03215 0.03418 0.03462 0.08352 0.06929 0.02198 0.05030 0.02160 0.05915 0.05311 0.12241 0.05849 0.05720 0.00531 0.02866
0.06972 0.00610 0.09888 0.15341 0.01219 0.03431 0.02691 0.02083 0.11050 0.03380 0.01564 0.05787 0.02231 0.07668 0.05623 0.07201 0.06380 0.04919 0.00388 0.01572
0.05246 0.06520 0.00889 0.01541 0.03072 0.01442 0.00912 0.20894 0.01743 0.12769 0.03472 0.01322 0.01037 0.01407 0.01506 0.02781 0.04084 0.27083 0.00531 0.01751
0.05202 0.00613 0.03269 0.06368 0.01129 0.02589 0.02594 0.02169 0.22245 0.03560 0.01513 0.04138 0.01794 0.06154 0.20457 0.05144 0.04318 0.04866 0.00430 0.01446
0.07476 0.00944 0.04585 0.12033 0.03243 0.05145 0.02553 0.03825 0.09110 0.06281 0.03194 0.04859 0.02143 0.05781 0.06158 0.06942 0.06954 0.06162 0.00557 0.02054
0.06105 0.00533 0.07537 0.20598 0.01053 0.06355 0.02524 0.01800 0.10221 0.02958 0.01334 0.05793 0.02108 0.09929 0.05524 0.06428 0.04785 0.02681 0.00344 0.01392
0.03699 0.01012 0.00680 0.01187 0.03895 0.00981 0.00685 0.28011 0.01362 0.27441 0.06859 0.00941 0.00808 0.01198 0.01210 0.01867 0.02942 0.13259 0.00496 0.01470
0.08584 0.01320 0.03138 0.08438 0.03106 0.02787 0.02159 0.10996 0.05803 0.09167 0.05285 0.04936 0.01907 0.04252 0.04063 0.05921 0.05873 0.09038 0.00726 0.02501
0.06599 0.00593 0.05678 0.12499 0.01146 0.03233 0.02710 0.01990 0.16606 0.03310 0.01521 0.06659 0.02145 0.07664 0.08152 0.09343 0.05272 0.02960 0.00392 0.01527
0.06404 0.01283 0.02303 0.08714 0.03400 0.02255 0.01716 0.11422 0.04368 0.18490 0.04830 0.02781 0.01581 0.03252 0.03191 0.04700 0.05078 0.11287 0.00680 0.02264
0.06691 0.01159 0.03063 0.05378 0.09424 0.02649 0.02371 0.05108 0.09522 0.07141 0.02853 0.03617 0.01818 0.04305 0.06663 0.05574 0.05330 0.06392 0.00919 0.10024
0.07386 0.00773 0.06325 0.09041 0.02410 0.03293 0.03605 0.02887 0.09035 0.05954 0.01963 0.06150 0.02216 0.11846 0.05663 0.08404 0.06688 0.04056 0.00474 0.01830
0.09393 0.01150 0.03727 0.06549 0.02660 0.02963 0.02361 0.04945 0.07156 0.06779 0.02827 0.05258 0.02014 0.07240 0.06167 0.06346 0.05865 0.09212 0.05053 0.02334
0.02388 0.00706 0.00874 0.01174 0.41147 0.01133 0.02859 0.03443 0.01379 0.06879 0.01898 0.01543 0.00833 0.01450 0.01361 0.02108 0.01910 0.03643 0.02504 0.20765
0.04926 0.00572 0.03295 0.06252 0.00988 0.02565 0.02582 0.01880 0.19684 0.03225 0.01378 0.04094 0.01758 0.06149 0.25390 0.06778 0.04099 0.02625 0.00409 0.01352
0.07370 0.00685 0.06248 0.10340 0.02409 0.03347 0.02763 0.02403 0.11984 0.03819 0.02752 0.08928 0.02258 0.08605 0.07127 0.07451 0.05852 0.03518 0.00432 0.01708
0.06654 0.00584 0.08565 0.15777 0.01146 0.03485 0.02735 0.01971 0.13861 0.03261 0.01488 0.05900 0.02227 0.06583 0.08704 0.06943 0.05268 0.02939 0.00383 0.01525
