302
1
0 1.0
20
0.07879 0.01516 0.05352 0.06683 0.03971 0.06951 0.02292 0.05901 0.05944 0.09637 0.02377 0.04144 0.04829 0.03956 0.05410 0.06834 0.05407 0.06734 0.01141 0.03041
0.03406 0.00403 0.06393 0.57212 0.00728 0.02749 0.01436 0.01150 0.04145 0.01789 0.00673 0.03854 0.01464 0.03129 0.02678 0.03574 0.02487 0.01634 0.00244 0.00852
0.02854 0.00518 0.02640 0.03162 0.02563 0.02085 0.59815 0.01321 0.03724 0.02332 0.00784 0.02152 0.01163 0.02169 0.02956 0.02653 0.02061 0.01735 0.00599 0.02713
0.04299 0.67745 0.00886 0.01033 0.01112 0.02560 0.00590 0.02387 0.01213 0.02679 0.00856 0.01160 0.01227 0.00872 0.01160 0.03283 0.02603 0.03189 0.00303 0.00842
0.03373 0.00637 0.01755 0.01918 0.00758 0.02419 0.00688 0.01049 0.01740 0.01610 0.00547 0.01483 0.71970 0.01197 0.01452 0.02806 0.02095 0.01574 0.00265 0.00664
0.57373 0.01165 0.01956 0.02308 0.01094 0.03831 0.00879 0.02454 0.02243 0.02822 0.01037 0.02244 0.01757 0.01654 0.01824 0.06040 0.04444 0.03739 0.00274 0.00862
0.02168 0.00599 0.00817 0.00989 0.59234 0.01243 0.01607 0.03591 0.01091 0.07363 0.01822 0.01102 0.00783 0.01029 0.01072 0.01713 0.01594 0.03527 0.01370 0.07286
0.03373 0.00637 0.01755 0.01918 0.00758 0.02419 0.00688 0.01049 0.01740 0.01610 0.00547 0.01483 0.71970 0.01197 0.01452 0.02806 0.02095 0.01574 0.00265 0.00664
0.04370 0.00607 0.04827 0.05141 0.01066 0.02975 0.01300 0.01273 0.03705 0.01893 0.00719 0.54967 0.01507 0.02642 0.02599 0.04109 0.02914 0.01941 0.00303 0.01141
0.04299 0.67745 0.00886 0.01033 0.01112 0.02560 0.00590 0.02387 0.01213 0.02679 0.00856 0.01160 0.01227 0.00872 0.01160 0.03283 0.02603 0.03189 0.00303 0.00842
0.04237 0.01030 0.00908 0.01525 0.03429 0.01340 0.00826 0.11013 0.01810 0.15515 0.26478 0.01231 0.00948 0.01433 0.01533 0.02514 0.03243 0.18920 0.00497 0.01569
0.03049 0.00362 0.62268 0.06788 0.00630 0.02796 0.01266 0.00855 0.02898 0.01355 0.00495 0.03838 0.01414 0.02674 0.01659 0.03274 0.02141 0.01275 0.00214 0.00747
0.57373 0.01165 0.01956 0.02308 0.01094 0.03831 0.00879 0.02454 0.02243 0.02822 0.01037 0.02244 0.01757 0.01654 0.01824 0.06040 0.04444 0.03739 0.00274 0.00862
0.02598 0.00672 0.00786 0.01103 0.03517 0.01113 0.00649 0.07499 0.01394 0.60839 0.03780 0.00870 0.00764 0.01068 0.01260 0.01580 0.01960 0.06521 0.00473 0.01552
0.03449 0.00912 0.00758 0.01079 0.02506 0.01128 0.00551 0.50733 0.01269 0.10992 0.02793 0.00890 0.00749 0.00923 0.01089 0.01765 0.02558 0.14289 0.00352 0.01214
0.03406 0.00403 0.06393 0.57212 0.00728 0.02749 0.01436 0.01150 0.04145 0.01789 0.00673 0.03854 0.01464 0.03129 0.02678 0.03574 0.02487 0.01634 0.00244 0.00852
0.02920 0.00497 0.01705 0.02960 0.00851 0.01993 0.01483 0.01284 0.08037 0.02244 0.00821 0.02150 0.01212 0.03254 0.60566 0.02709 0.02280 0.01716 0.00337 0.00981
0.03449 0.00912 0.00758 0.01079 0.02506 0.01128 0.00551 0.50733 0.01269 0.10992 0.02793 0.00890 0.00749 0.00923 0.01089 0.01765 0.02558 0.14289 0.00352 0.01214
0.02598 0.00672 0.00786 0.01103 0.03517 0.01113 0.00649 0.07499 0.01394 0.60839 0.03780 0.00870 0.00764 0.01068 0.01260 0.01580 0.01960 0.06521 0.00473 0.01552
0.03121 0.00879 0.00545 0.00923 0.03572 0.00805 0.00546 0.28282 0.01082 0.34325 0.04408 0.00742 0.00676 0.00961 0.00983 0.01481 0.02469 0.12482 0.00430 0.01289
0.39926 0.01382 0.02328 0.03024 0.01094 0.04612 0.01099 0.02051 0.02903 0.02659 0.01153 0.02872 0.02115 0.02213 0.02210 0.17845 0.05691 0.03618 0.00280 0.00923
0.04370 0.00607 0.04827 0.05141 0.01066 0.02975 0.01300 0.01273 0.03705 0.01893 0.00719 0.54967 0.01507 0.02642 0.02599 0.04109 0.02914 0.01941 0.00303 0.01141
0.03724 0.00528 0.03854 0.04788 0.01149 0.02488 0.01510 0.01524 0.05871 0.02621 0.00929 0.03036 0.01404 0.52154 0.04497 0.03578 0.02741 0.02037 0.00345 0.01223
0.07651 0.00935 0.04726 0.06655 0.01212 0.03800 0.01890 0.02128 0.05964 0.03133 0.01392 0.18608 0.02078 0.04298 0.03892 0.14229 0.12446 0.03339 0.00344 0.01282
0.02598 0.00672 0.00786 0.01103 0.03517 0.01113 0.00649 0.07499 0.01394 0.60839 0.03780 0.00870 0.00764 0.01068 0.01260 0.01580 0.01960 0.06521 0.00473 0.01552
0.03373 0.00637 0.01755 0.01918 0.00758 0.02419 0.00688 0.01049 0.01740 0.01610 0.00547 0.01483 0.71970 0.01197 0.01452 0.02806 0.02095 0.01574 0.00265 0.00664
0.04370 0.00607 0.04827 0.05141 0.01066 0.02975 0.01300 0.01273 0.03705 0.01893 0.00719 0.54967 0.01507 0.02642 0.02599 0.04109 0.02914 0.01941 0.00303 0.01141
0.03373 0.00637 0.01755 0.01918 0.00758 0.02419 0.00688 0.01049 0.01740 0.01610 0.00547 0.01483 0.71970 0.01197 0.01452 0.02806 0.02095 0.01574 0.00265 0.00664
0.03565 0.00451 0.02148 0.04648 0.00719 0.02028 0.02349 0.01435 0.22451 0.02654 0.01095 0.03254 0.01435 0.05602 0.36005 0.03617 0.03116 0.01959 0.00364 0.01105
0.02168 0.00599 0.00817 0.00989 0.59234 0.01243 0.01607 0.03591 0.01091 0.07363 0.01822 0.01102 0.00783 0.01029 0.01072 0.01713 0.01594 0.03527 0.01370 0.07286
0.57373 0.01165 0.01956 0.02308 0.01094 0.03831 0.00879 0.02454 0.02243 0.02822 0.01037 0.02244 0.01757 0.01654 0.01824 0.06040 0.04444 0.03739 0.00274 0.00862
0.03724 0.00528 0.03854 0.04788 0.01149 0.02488 0.01510 0.01524 0.05871 0.02621 0.00929 0.03036 0.01404 0.52154 0.04497 0.03578 0.02741 0.02037 0.00345 0.01223
0.04588 0.00543 0.03688 0.05760 0.00885 0.02554 0.02045 0.01599 0.41647 0.02650 0.01115 0.03688 0.04996 0.04787 0.07567 0.04531 0.03594 0.02291 0.00335 0.01136
0.03712 0.00300 0.32394 0.07778 0.00578 0.02604 0.01652 0.00936 0.25445 0.01594 0.00692 0.04390 0.01459 0.03856 0.03225 0.04095 0.02831 0.01441 0.00195 0.00823
0.02008 0.00394 0.00885 0.00871 0.00319 0.86869 0.00322 0.00367 0.00661 0.00597 0.00213 0.00749 0.00717 0.00508 0.00607 0.01639 0.01178 0.00683 0.00140 0.00275
0.03521 0.00271 0.28735 0.08134 0.00550 0.02677 0.01562 0.00841 0.04326 0.01434 0.00610 0.04534 0.01439 0.30054 0.02461 0.03957 0.02634 0.01308 0.00174 0.00777
0.03573 0.00589 0.01874 0.03381 0.01643 0.01668 0.01515 0.03342 0.26463 0.30294 0.01818 0.02315 0.01138 0.03313 0.05672 0.03092 0.02896 0.03718 0.00390 0.01308
0.04235 0.00506 0.04171 0.05027 0.00692 0.26018 0.01315 0.01086 0.04531 0.01736 0.00737 0.03136 0.01357 0.32526 0.03154 0.04071 0.02958 0.01719 0.00221 0.00806
0.03639 0.00519 0.25876 0.04991 0.01555 0.02072 0.01265 0.03038 0.03341 0.32142 0.01521 0.02966 0.01204 0.02654 0.02135 0.03352 0.02739 0.03442 0.00321 0.01229
0.04767 0.00511 0.03688 0.05913 0.00852 0.02446 0.01936 0.01517 0.08440 0.02491 0.01098 0.24996 0.01546 0.04596 0.20856 0.04735 0.05981 0.02236 0.00302 0.01094
0.04186 0.00763 0.01415 0.01886 0.01647 0.29537 0.00811 0.03215 0.02004 0.35983 0.01564 0.01537 0.01066 0.01436 0.01611 0.03242 0.02825 0.03787 0.00338 0.01145
0.05307 0.00878 0.02786 0.04358 0.01953 0.04145 0.01589 0.23940 0.04977 0.05294 0.02043 0.02880 0.01437 0.18880 0.03608 0.04410 0.04078 0.05348 0.00464 0.01628
0.04063 0.00604 0.26949 0.04779 0.01150 0.02178 0.01157 0.04281 0.03056 0.03458 0.01212 0.02897 0.01212 0.02470 0.01918 0.03545 0.02942 0.30891 0.00256 0.00980
0.04718 0.00903 0.01277 0.01730 0.01573 0.27163 0.00764 0.33647 0.01806 0.04761 0.01594 0.01496 0.01084 0.01336 0.01463 0.03429 0.03181 0.06674 0.00321 0.01081
0.03589 0.00501 0.02001 0.03021 0.00591 0.33741 0.01161 0.00985 0.05414 0.01618 0.00677 0.02135 0.01134 0.02612 0.32562 0.03280 0.02526 0.01539 0.00224 0.00690
0.03481 0.00491 0.28149 0.04906 0.01474 0.02022 0.01221 0.02861 0.03205 0.31522 0.01435 0.02906 0.01166 0.02565 0.02036 0.03230 0.02614 0.03241 0.00305 0.01171
0.03023 0.00292 0.38011 0.06369 0.00407 0.30485 0.01119 0.00599 0.02597 0.00995 0.00405 0.03610 0.01220 0.02474 0.01388 0.03248 0.02077 0.01009 0.00131 0.00541
0.02051 0.00566 0.00592 0.00869 0.06755 0.00818 0.01434 0.03933 0.01108 0.33468 0.02167 0.00959 0.00609 0.01013 0.01058 0.01506 0.01634 0.03757 0.01206 0.34497
0.04126 0.00862 0.01126 0.01631 0.01883 0.01635 0.00754 0.33498 0.01837 0.06570 0.01987 0.01339 0.24644 0.01321 0.01489 0.02822 0.02928 0.08031 0.00346 0.01169
0.39705 0.00999 0.01415 0.01625 0.00589 0.32686 0.00607 0.01033 0.01434 0.01375 0.00616 0.01809 0.01489 0.01173 0.01170 0.05586 0.03923 0.02132 0.00157 0.00478
0.04359 0.00537 0.04260 0.04717 0.00656 0.02641 0.01122 0.00969 0.03283 0.01490 0.00631 0.33064 0.28115 0.02452 0.02173 0.04099 0.02881 0.01627 0.00193 0.00731
0.03054 0.00295 0.37264 0.06359 0.00460 0.02415 0.01170 0.00687 0.02875 0.01127 0.00460 0.03601 0.28760 0.02604 0.01588 0.03282 0.02148 0.01105 0.00147 0.00598
0.03518 0.00666 0.01151 0.01444 0.36773 0.31706 0.01012 0.02038 0.01384 0.03159 0.01058 0.01337 0.00941 0.01135 0.01162 0.02825 0.02325 0.02607 0.00641 0.03120
0.02090 0.00625 0.00306 0.00516 0.02807 0.00488 0.00323 0.35220 0.00594 0.38119 0.03591 0.00421 0.00447 0.00592 0.00580 0.00869 0.01664 0.09587 0.00304 0.00856
0.03054 0.00295 0.37264 0.06359 0.00460 0.02415 0.01170 0.00687 0.02875 0.01127 0.00460 0.03601 0.28760 0.02604 0.01588 0.03282 0.02148 0.01105 0.00147 0.00598
0.10654 0.00629 0.03707 0.05969 0.00926 0.02778 0.01831 0.01640 0.27036 0.02576 0.01163 0.03740 0.01672 0.04333 0.04740 0.18465 0.04219 0.02518 0.00297 0.01108
0.05910 0.01310 0.01317 0.02304 0.02930 0.02808 0.01293 0.16493 0.02581 0.07684 0.02969 0.01906 0.01322 0.02046 0.02129 0.05956 0.18123 0.18194 0.00634 0.02092
0.03609 0.00497 0.03112 0.03626 0.00981 0.31421 0.33865 0.00994 0.03155 0.01572 0.00638 0.02368 0.01144 0.02123 0.02257 0.03335 0.02442 0.01550 0.00264 0.01049
0.04080 0.00491 0.04023 0.04804 0.00658 0.28407 0.01251 0.01026 0.04296 0.01644 0.00696 0.03004 0.01307 0.31955 0.02996 0.03914 0.02834 0.01636 0.00210 0.00766
0.05984 0.00478 0.05444 0.07953 0.00929 0.17700 0.06480 0.01574 0.07169 0.02568 0.01178 0.13280 0.01754 0.09400 0.04466 0.05568 0.04211 0.02363 0.00298 0.01205
0.03802 0.34395 0.33083 0.03336 0.00754 0.02238 0.00872 0.01391 0.02229 0.01757 0.00692 0.02198 0.01137 0.01791 0.01488 0.03373 0.02511 0.02033 0.00210 0.00713
0.08794 0.00742 0.03641 0.04446 0.00663 0.23805 0.01148 0.01115 0.03305 0.01680 0.00762 0.29051 0.01551 0.02570 0.02139 0.07855 0.03805 0.02032 0.00191 0.00707
0.05856 0.00208 0.55872 0.10636 0.00406 0.02605 0.01351 0.00639 0.03167 0.01071 0.00436 0.04452 0.01313 0.03054 0.01602 0.03447 0.02143 0.01018 0.00123 0.00601
0.06306 0.00766 0.05693 0.06447 0.00965 0.03628 0.01567 0.01457 0.04631 0.02177 0.00935 0.38111 0.01833 0.03445 0.03056 0.11057 0.04171 0.02423 0.00268 0.01064
0.06501 0.00927 0.01733 0.01930 0.00536 0.38147 0.00634 0.00858 0.01545 0.01211 0.00554 0.01915 0.01450 0.01262 0.01204 0.33357 0.03744 0.01885 0.00146 0.00464
0.04415 0.00412 0.06283 0.32829 0.00636 0.18633 0.01557 0.01049 0.04568 0.01703 0.00757 0.04177 0.01509 0.03621 0.02697 0.09249 0.03200 0.01681 0.00197 0.00827
0.05158 0.00807 0.02440 0.03213 0.02525 0.25311 0.01317 0.02186 0.02943 0.03142 0.01249 0.02393 0.01327 0.02197 0.02135 0.06807 0.03495 0.03069 0.00541 0.27744
0.02598 0.00789 0.00320 0.00497 0.01444 0.00505 0.00220 0.40434 0.00521 0.07177 0.01914 0.00422 0.00404 0.00396 0.00435 0.00869 0.01990 0.38339 0.00165 0.00564
0.04395 0.00750 0.02214 0.03330 0.01670 0.01930 0.01239 0.04741 0.04184 0.05079 0.01723 0.02269 0.01179 0.25238 0.03146 0.03552 0.03276 0.28405 0.00367 0.01313
0.02726 0.00333 0.32730 0.05103 0.02767 0.01926 0.01472 0.01159 0.02829 0.01985 0.00708 0.03028 0.01071 0.02434 0.01719 0.02885 0.02040 0.01545 0.00570 0.30971
0.04563 0.00868 0.01223 0.01638 0.01485 0.29757 0.00723 0.32897 0.01704 0.04491 0.01500 0.01432 0.01048 0.01262 0.01385 0.03326 0.03055 0.06318 0.00303 0.01020
0.03785 0.00455 0.03662 0.04645 0.00719 0.02236 0.01308 0.01120 0.04869 0.01834 0.00755 0.02896 0.28691 0.30397 0.03496 0.03666 0.02730 0.01680 0.00229 0.00832
0.02933 0.00834 0.00417 0.00712 0.02313 0.00712 0.00439 0.17250 0.00806 0.10798 0.25529 0.00622 0.00564 0.00703 0.00740 0.01329 0.02301 0.29706 0.00316 0.00977
0.07590 0.00840 0.02232 0.03204 0.02781 0.02306 0.01408 0.02835 0.03265 0.03983 0.01543 0.02362 0.22440 0.02355 0.02403 0.04220 0.03587 0.03738 0.00595 0.26310
0.01745 0.00349 0.00762 0.00742 0.00278 0.88651 0.00280 0.00310 0.00560 0.00514 0.00182 0.00644 0.00636 0.00432 0.00524 0.01420 0.01021 0.00584 0.00126 0.00238
0.03350 0.00667 0.01132 0.01606 0.02069 0.01501 0.00744 0.04131 0.01879 0.36595 0.02131 0.01262 0.29475 0.01323 0.01535 0.02479 0.02379 0.04197 0.00356 0.01189
0.05729 0.00684 0.03964 0.05071 0.00747 0.03015 0.01326 0.01246 0.04047 0.01902 0.00857 0.15402 0.25884 0.03016 0.02607 0.17507 0.03824 0.02126 0.00218 0.00827
0.04563 0.00868 0.01223 0.01638 0.01485 0.29755 0.00723 0.32899 0.01704 0.04491 0.01500 0.01432 0.01048 0.01262 0.01385 0.03326 0.03055 0.06318 0.00303 0.01020
0.03284 0.00325 0.05629 0.34086 0.00536 0.02327 0.01278 0.00863 0.03732 0.01399 0.00585 0.03503 0.29230 0.02902 0.02287 0.03459 0.02391 0.01326 0.00174 0.00683
0.05997 0.00881 0.01698 0.02137 0.00738 0.02993 0.00757 0.01381 0.02094 0.01828 0.00763 0.01936 0.31644 0.01523 0.01609 0.04966 0.33873 0.02363 0.00194 0.00627
0.04563 0.00868 0.01223 0.01638 0.01485 0.29755 0.00723 0.32899 0.01704 0.04491 0.01500 0.01432 0.01048 0.01262 0.01385 0.03326 0.03055 0.06318 0.00303 0.01020
0.04181 0.00519 0.04078 0.04473 0.00620 0.02548 0.01058 0.00908 0.03074 0.01398 0.00591 0.32349 0.30778 0.02305 0.02040 0.03921 0.02747 0.01539 0.00183 0.00690
0.02920 0.00497 0.01705 0.02960 0.00851 0.01993 0.01483 0.01284 0.08037 0.02244 0.00821 0.02150 0.01212 0.03254 0.60566 0.02709 0.02280 0.01716 0.00337 0.00981
0.04236 0.00300 0.27713 0.28035 0.00616 0.03462 0.01935 0.00966 0.04925 0.01638 0.00690 0.05979 0.01815 0.04437 0.02614 0.04881 0.03148 0.01516 0.00193 0.00901
0.04370 0.00607 0.04827 0.05141 0.01066 0.02975 0.01300 0.01273 0.03705 0.01893 0.00719 0.54967 0.01507 0.02642 0.02599 0.04109 0.02914 0.01941 0.00303 0.01141
0.02898 0.00282 0.36363 0.06068 0.00433 0.02318 0.01109 0.00643 0.02694 0.01057 0.00430 0.03437 0.31437 0.02460 0.01484 0.03116 0.02031 0.01039 0.00139 0.00564
0.06511 0.00928 0.01732 0.01938 0.00538 0.34659 0.00637 0.00862 0.01559 0.01217 0.00557 0.01920 0.01452 0.01271 0.01212 0.36752 0.03752 0.01890 0.00147 0.00466
0.03522 0.00904 0.00639 0.01143 0.25279 0.01087 0.00865 0.06834 0.01343 0.31726 0.05977 0.01013 0.03180 0.01227 0.01262 0.02139 0.02816 0.06427 0.00600 0.02017
0.06442 0.00935 0.01724 0.02485 0.00907 0.03045 0.00902 0.01703 0.02497 0.02249 0.00966 0.02142 0.26931 0.01858 0.01823 0.30819 0.04010 0.07549 0.00231 0.00781
0.05124 0.00871 0.01668 0.02329 0.27173 0.27396 0.01064 0.02544 0.02241 0.03540 0.01381 0.01912 0.05934 0.01742 0.01708 0.04115 0.03442 0.03451 0.00461 0.01903
0.04930 0.00458 0.14209 0.16169 0.00950 0.02619 0.01906 0.01650 0.06062 0.19756 0.01154 0.04378 0.04845 0.04507 0.03655 0.05078 0.03853 0.02385 0.00285 0.01151
0.05708 0.00937 0.02440 0.04223 0.02003 0.02328 0.01629 0.03820 0.04978 0.22212 0.02117 0.02853 0.01494 0.03333 0.06767 0.20097 0.06000 0.04889 0.00488 0.01684
0.13586 0.01175 0.01476 0.02620 0.02844 0.01797 0.01322 0.20116 0.02893 0.11286 0.02941 0.01971 0.01246 0.10384 0.02267 0.03685 0.04229 0.11545 0.00606 0.02012
0.06339 0.05501 0.02661 0.04521 0.01434 0.02776 0.01533 0.02627 0.04621 0.03673 0.01583 0.07735 0.05113 0.03341 0.03080 0.29499 0.06519 0.05753 0.00371 0.01318
0.04562 0.00494 0.03675 0.05393 0.00714 0.23675 0.01608 0.01247 0.27659 0.02039 0.00910 0.03348 0.05414 0.03796 0.04522 0.04475 0.03389 0.01931 0.00246 0.00904
0.04542 0.00419 0.05583 0.09306 0.00764 0.22027 0.01738 0.01301 0.05669 0.02100 0.00941 0.04152 0.16979 0.09614 0.03517 0.04703 0.03463 0.01963 0.00241 0.00976
0.04479 0.00628 0.02666 0.04565 0.01324 0.05650 0.01703 0.02523 0.26134 0.22862 0.01499 0.02954 0.01358 0.03808 0.05283 0.04078 0.03543 0.03273 0.00373 0.01296
0.04706 0.01058 0.01061 0.01788 0.02510 0.21131 0.00974 0.27078 0.02043 0.07962 0.06315 0.01477 0.01044 0.01583 0.01692 0.03092 0.03567 0.08817 0.00489 0.01614
0.05161 0.18723 0.03188 0.22903 0.02009 0.02276 0.01690 0.03172 0.04949 0.04345 0.01773 0.03137 0.01457 0.03483 0.03360 0.04553 0.03990 0.04107 0.00481 0.05242
0.07169 0.49064 0.01152 0.01424 0.01013 0.12579 0.00711 0.01917 0.01575 0.02337 0.00948 0.01762 0.01630 0.01219 0.01403 0.05680 0.04220 0.03149 0.00267 0.00780
0.01710 0.00477 0.00968 0.01125 0.08152 0.01156 0.01862 0.01794 0.01310 0.03562 0.00962 0.01213 0.00720 0.01102 0.01227 0.01589 0.01273 0.01988 0.01559 0.66250
0.16044 0.01269 0.02238 0.02817 0.00928 0.04343 0.00993 0.01684 0.02635 0.02222 0.00974 0.02680 0.01970 0.02013 0.02006 0.45785 0.05241 0.03120 0.00241 0.00797
0.11880 0.00799 0.04361 0.05311 0.00798 0.13900 0.01360 0.01358 0.03971 0.02022 0.00904 0.32475 0.01732 0.03045 0.02570 0.05871 0.04205 0.02357 0.00228 0.00853
0.13019 0.00806 0.02908 0.05234 0.01643 0.02500 0.01951 0.03217 0.07537 0.04614 0.05658 0.03414 0.01633 0.04344 0.25799 0.05097 0.04433 0.04193 0.00446 0.01554
0.10341 0.00732 0.04494 0.10425 0.07488 0.02812 0.02230 0.02863 0.07319 0.04212 0.01827 0.04416 0.01866 0.17312 0.04686 0.06004 0.04958 0.03893 0.00443 0.01679
0.06054 0.00917 0.03437 0.09118 0.02173 0.02591 0.01940 0.03790 0.05935 0.05237 0.02154 0.03550 0.01683 0.04062 0.04103 0.05272 0.23722 0.04893 0.07406 0.01966
0.05469 0.00932 0.02847 0.04236 0.26462 0.10766 0.01761 0.03752 0.04268 0.05366 0.02076 0.02903 0.01480 0.07425 0.03066 0.04569 0.04133 0.04742 0.00707 0.03040
0.05907 0.00839 0.03377 0.05689 0.01908 0.02545 0.01948 0.03704 0.06549 0.12245 0.02102 0.03593 0.01673 0.17183 0.04547 0.05262 0.14078 0.04678 0.00475 0.01700
0.05747 0.01087 0.05905 0.04034 0.03738 0.02170 0.01847 0.05257 0.04242 0.11678 0.05427 0.02784 0.01489 0.03178 0.03063 0.04528 0.04556 0.06339 0.00797 0.22132
0.06012 0.01313 0.01653 0.02890 0.03074 0.02046 0.01460 0.17338 0.03244 0.08297 0.03150 0.02197 0.01394 0.05973 0.02558 0.06747 0.04714 0.23063 0.00664 0.02214
0.05201 0.00790 0.02961 0.04773 0.02725 0.10653 0.01916 0.02985 0.05989 0.04345 0.01757 0.03162 0.01507 0.03713 0.08682 0.04618 0.04016 0.03899 0.00632 0.25678
0.05620 0.00756 0.03965 0.25085 0.02297 0.02509 0.02051 0.03388 0.06256 0.11888 0.01978 0.03828 0.01663 0.04360 0.04151 0.05182 0.04446 0.04296 0.00543 0.05737
0.08312 0.01321 0.01289 0.02294 0.03189 0.01792 0.01289 0.13987 0.02591 0.13578 0.03325 0.01834 0.01255 0.05670 0.02137 0.03622 0.04444 0.25263 0.00654 0.02152
0.08332 0.00962 0.02791 0.08178 0.02421 0.02199 0.01511 0.05447 0.04236 0.34166 0.02607 0.02744 0.01413 0.02982 0.03083 0.04223 0.04109 0.06345 0.00511 0.01739
0.03373 0.00321 0.40609 0.07084 0.00465 0.23906 0.01263 0.00694 0.02997 0.01147 0.00471 0.04011 0.01351 0.02807 0.01614 0.03629 0.02339 0.01154 0.00148 0.00618
0.04709 0.00862 0.01855 0.03469 0.02304 0.01863 0.01555 0.05251 0.05774 0.17336 0.02528 0.02408 0.01287 0.03199 0.25960 0.03733 0.03752 0.09988 0.00498 0.01670
0.06036 0.01411 0.01260 0.02251 0.03425 0.03953 0.01391 0.11650 0.02578 0.26761 0.03441 0.01903 0.01352 0.02088 0.02211 0.07282 0.04742 0.13132 0.00733 0.02402
0.06127 0.01122 0.02356 0.04164 0.02596 0.03948 0.01744 0.05009 0.04814 0.23188 0.02681 0.02865 0.01561 0.03358 0.10933 0.06678 0.04808 0.09359 0.00611 0.02078
0.06243 0.01279 0.02004 0.05319 0.03098 0.02205 0.01671 0.06041 0.03872 0.13171 0.08837 0.02567 0.01516 0.05892 0.02931 0.06136 0.04950 0.19216 0.00701 0.02350
0.06015 0.00651 0.19833 0.09004 0.01393 0.02749 0.05019 0.04218 0.07135 0.03716 0.01642 0.04435 0.01820 0.05086 0.04458 0.05878 0.04756 0.10279 0.00395 0.01518
0.06135 0.00899 0.03370 0.05819 0.02093 0.02517 0.04873 0.05356 0.06104 0.12188 0.02223 0.18983 0.01700 0.04294 0.04085 0.05400 0.06571 0.04973 0.00524 0.01892
0.06310 0.00914 0.07942 0.08046 0.02088 0.02563 0.02042 0.11231 0.06152 0.12653 0.03902 0.03747 0.01743 0.07147 0.04048 0.05571 0.06431 0.05061 0.00526 0.01885
0.06129 0.00923 0.19166 0.05676 0.09195 0.02518 0.01930 0.07019 0.05614 0.05437 0.02251 0.03567 0.01679 0.04085 0.03720 0.06867 0.06581 0.05217 0.00526 0.01899
0.08793 0.05058 0.01036 0.01890 0.18859 0.01890 0.03078 0.11617 0.02239 0.11315 0.03487 0.01731 0.01310 0.01884 0.02055 0.05923 0.06194 0.08327 0.00778 0.02536
0.05861 0.01231 0.01893 0.03241 0.14006 0.02152 0.01950 0.05651 0.03525 0.07764 0.02975 0.02489 0.08114 0.02753 0.02733 0.04391 0.06786 0.06869 0.01059 0.14555
0.06901 0.00934 0.03991 0.06974 0.02090 0.02867 0.02293 0.05592 0.08958 0.05430 0.02318 0.04287 0.05525 0.08070 0.04681 0.08867 0.06515 0.11195 0.00542 0.01969
0.06606 0.00611 0.05407 0.15468 0.01219 0.03111 0.02488 0.02110 0.08609 0.03362 0.01546 0.05156 0.03675 0.14206 0.05354 0.08558 0.05218 0.05400 0.00381 0.01514
0.07238 0.01228 0.02761 0.04709 0.02520 0.06722 0.01832 0.10602 0.04912 0.06416 0.02630 0.03267 0.12930 0.03619 0.03461 0.08129 0.05425 0.08949 0.00598 0.02054
0.11947 0.00870 0.04147 0.07243 0.01887 0.02917 0.02328 0.03461 0.09180 0.08006 0.02140 0.04418 0.05585 0.05269 0.06341 0.06350 0.10911 0.04634 0.00506 0.01859
0.06886 0.08908 0.02769 0.04892 0.03036 0.02580 0.06668 0.05635 0.05278 0.10708 0.03063 0.03303 0.01762 0.03846 0.04832 0.09042 0.05456 0.07040 0.00711 0.03586
0.06662 0.00635 0.10376 0.08795 0.01296 0.05357 0.02484 0.02257 0.11494 0.10037 0.01616 0.06947 0.02057 0.05958 0.05229 0.06716 0.06857 0.03272 0.00395 0.01560
0.06740 0.00931 0.03923 0.09084 0.02096 0.02806 0.02247 0.09632 0.07097 0.06559 0.02323 0.04184 0.01900 0.10070 0.04688 0.06066 0.11924 0.05242 0.00539 0.01948
0.06354 0.00581 0.05277 0.14406 0.01119 0.03054 0.02459 0.01932 0.08942 0.03146 0.01450 0.05044 0.07498 0.05946 0.12873 0.10220 0.05019 0.02877 0.00365 0.01439
0.11636 0.00843 0.12443 0.07233 0.02066 0.02887 0.02260 0.03468 0.06933 0.06896 0.02076 0.04389 0.01906 0.04990 0.04449 0.06088 0.05161 0.04595 0.00526 0.09155
0.08437 0.00818 0.09592 0.07694 0.01764 0.06043 0.02354 0.03185 0.07578 0.04625 0.02018 0.06446 0.01993 0.05394 0.04810 0.06469 0.05392 0.06587 0.07003 0.01798
0.06610 0.00705 0.04489 0.07848 0.01414 0.02976 0.02424 0.02527 0.08742 0.03866 0.01728 0.04708 0.01990 0.08929 0.13364 0.13286 0.06888 0.05474 0.00425 0.01606
0.06172 0.00556 0.05618 0.12228 0.01073 0.03063 0.02416 0.01848 0.16163 0.03020 0.01388 0.05088 0.10356 0.05830 0.05543 0.10270 0.04866 0.02759 0.00351 0.01393
0.11076 0.00730 0.04896 0.08005 0.01318 0.07314 0.03518 0.02309 0.07724 0.03545 0.01606 0.12749 0.02043 0.05473 0.04830 0.08827 0.08747 0.03389 0.00390 0.01510
0.06702 0.01014 0.03434 0.06004 0.04141 0.02708 0.02111 0.04303 0.06329 0.05886 0.02464 0.05411 0.01823 0.04483 0.10824 0.11576 0.05283 0.12882 0.00575 0.02046
0.07751 0.01078 0.03311 0.05812 0.02504 0.08221 0.02095 0.05685 0.05997 0.08575 0.02658 0.05419 0.01813 0.06117 0.04044 0.08320 0.05367 0.10862 0.00612 0.03759
0.06095 0.00574 0.04575 0.07983 0.01123 0.02846 0.02434 0.01968 0.14590 0.04855 0.01466 0.11493 0.09753 0.05888 0.08603 0.06189 0.04875 0.02883 0.00373 0.01435
0.06740 0.02423 0.08809 0.11278 0.01638 0.02929 0.07208 0.05395 0.07859 0.07138 0.01922 0.04658 0.01981 0.05546 0.04955 0.07935 0.05347 0.04047 0.00458 0.01735
0.07664 0.00900 0.05612 0.06864 0.02017 0.07093 0.02225 0.03719 0.09652 0.05226 0.02231 0.04205 0.01890 0.04932 0.04487 0.06073 0.05290 0.11945 0.00523 0.07452
0.06034 0.00813 0.03850 0.06324 0.02658 0.02650 0.12548 0.03203 0.06503 0.04668 0.01952 0.03937 0.08434 0.04539 0.04318 0.07681 0.04737 0.04238 0.00629 0.10285
0.06255 0.00687 0.04191 0.07457 0.01461 0.02787 0.03986 0.03614 0.14307 0.03936 0.01743 0.04488 0.01899 0.05585 0.11658 0.07934 0.05004 0.03587 0.00434 0.08984
0.08500 0.01052 0.03169 0.05247 0.01877 0.07542 0.01809 0.03484 0.05312 0.14269 0.02030 0.03528 0.09304 0.03850 0.03587 0.13326 0.05221 0.04753 0.00473 0.01667
0.06150 0.01354 0.01669 0.02955 0.03916 0.02111 0.01651 0.10033 0.03322 0.09440 0.07069 0.02291 0.05465 0.02587 0.02663 0.04316 0.04868 0.08153 0.00826 0.19161
0.06740 0.01414 0.03152 0.03618 0.11106 0.02353 0.01786 0.08601 0.03925 0.08566 0.03438 0.02670 0.05180 0.03029 0.03018 0.06615 0.05343 0.10001 0.00789 0.08654
0.08771 0.00696 0.04721 0.08093 0.01458 0.02970 0.04927 0.02569 0.08145 0.03903 0.01751 0.04788 0.02945 0.08555 0.05123 0.18085 0.05258 0.03619 0.00425 0.03198
0.06667 0.01430 0.01882 0.03349 0.03560 0.02304 0.01725 0.06790 0.03701 0.18298 0.05004 0.02532 0.01583 0.02863 0.02907 0.08403 0.09157 0.08255 0.00790 0.08797
0.05627 0.01216 0.08687 0.02999 0.03126 0.01892 0.01406 0.16742 0.03226 0.12711 0.11509 0.02170 0.01330 0.02488 0.02455 0.03899 0.04457 0.11366 0.00626 0.02068
0.06682 0.00820 0.04224 0.09143 0.01802 0.02856 0.02315 0.04783 0.08393 0.13300 0.02060 0.04435 0.04454 0.08748 0.04840 0.09134 0.05304 0.04414 0.00488 0.01807
0.06691 0.02833 0.04628 0.09543 0.01495 0.02966 0.03396 0.02661 0.08073 0.04010 0.01793 0.04742 0.01991 0.09192 0.05087 0.16405 0.08686 0.03727 0.00432 0.01652
0.14730 0.01093 0.03135 0.05442 0.09422 0.06054 0.01985 0.04467 0.05690 0.06057 0.02520 0.03561 0.01804 0.04102 0.07572 0.05781 0.08200 0.05763 0.00582 0.02040
0.06687 0.04261 0.01719 0.03080 0.03601 0.05435 0.01682 0.06934 0.03441 0.11298 0.03578 0.02404 0.01561 0.02701 0.06322 0.04655 0.06743 0.13670 0.07570 0.02659
0.06576 0.00823 0.04037 0.07058 0.01793 0.05348 0.02257 0.07895 0.08967 0.04716 0.02042 0.04290 0.04789 0.05128 0.08047 0.06124 0.13444 0.04399 0.00484 0.01782
0.11112 0.00750 0.04436 0.12105 0.04690 0.02894 0.03610 0.02899 0.07772 0.05546 0.01895 0.06098 0.04708 0.05483 0.04899 0.06405 0.08549 0.03985 0.00452 0.01711
0.06145 0.01461 0.01262 0.02278 0.03735 0.01976 0.01443 0.12141 0.04204 0.23313 0.06833 0.01928 0.03187 0.02148 0.02278 0.03996 0.04873 0.13479 0.00780 0.02537
0.06585 0.00637 0.06173 0.08340 0.01284 0.02994 0.02413 0.02241 0.08277 0.03503 0.01603 0.09570 0.09894 0.05795 0.07012 0.06592 0.09831 0.05334 0.00390 0.01534
0.06304 0.01397 0.01635 0.02921 0.03392 0.02124 0.01572 0.11159 0.04692 0.16855 0.03405 0.02266 0.04237 0.02547 0.02612 0.04358 0.11492 0.13809 0.00748 0.02475
0.06454 0.01340 0.01883 0.03320 0.04653 0.08319 0.01630 0.06296 0.03608 0.14887 0.03189 0.02485 0.01535 0.02783 0.02784 0.12768 0.05043 0.13918 0.00714 0.02392
0.12938 0.01110 0.04099 0.04854 0.14174 0.03938 0.01875 0.08356 0.05030 0.06595 0.02711 0.03203 0.01654 0.05472 0.03496 0.06486 0.05042 0.06206 0.00620 0.02141
0.06349 0.00801 0.05710 0.08341 0.01775 0.02680 0.02163 0.06102 0.06893 0.04643 0.02008 0.04124 0.01818 0.04896 0.06046 0.16371 0.06482 0.09366 0.00473 0.02959
0.11177 0.00531 0.06202 0.10051 0.01039 0.04279 0.02362 0.01762 0.09874 0.02905 0.01368 0.04885 0.01935 0.05776 0.07683 0.18870 0.04916 0.02673 0.00339 0.01373
0.06933 0.01532 0.01070 0.01955 0.04854 0.01990 0.01442 0.13016 0.02326 0.16027 0.04685 0.01809 0.02764 0.01967 0.02153 0.10240 0.04965 0.10019 0.05812 0.04441
0.06363 0.04544 0.01221 0.02216 0.08796 0.02053 0.01498 0.08285 0.02579 0.09289 0.06523 0.09100 0.02411 0.02136 0.02293 0.04149 0.05044 0.16110 0.00822 0.04566
0.06101 0.00649 0.08810 0.07583 0.01343 0.02812 0.02179 0.02392 0.07173 0.09086 0.01599 0.08168 0.02786 0.05115 0.04474 0.05979 0.18519 0.03360 0.00386 0.01487
0.06386 0.00673 0.04410 0.11993 0.01415 0.02815 0.02297 0.03389 0.08578 0.03803 0.02494 0.04548 0.03839 0.05432 0.04841 0.18161 0.08540 0.04399 0.00410 0.01576
0.06428 0.00863 0.03756 0.12244 0.03189 0.02678 0.02131 0.03572 0.06634 0.05898 0.02137 0.04009 0.08748 0.04733 0.04298 0.11049 0.05409 0.09905 0.00500 0.01820
0.07178 0.00599 0.04671 0.08097 0.01214 0.08256 0.03851 0.04691 0.15499 0.03330 0.01531 0.06038 0.07104 0.05675 0.05073 0.07247 0.05023 0.03074 0.00374 0.01475
0.06504 0.03657 0.03696 0.08899 0.02028 0.02677 0.02144 0.05007 0.07522 0.06938 0.03017 0.03988 0.05434 0.04720 0.05215 0.10393 0.10847 0.04906 0.00521 0.01886
0.10529 0.00627 0.04695 0.12521 0.01286 0.04518 0.02392 0.02247 0.09428 0.04880 0.01606 0.04799 0.01966 0.05750 0.08224 0.10745 0.05997 0.05869 0.00390 0.01531
0.06458 0.00578 0.05722 0.15646 0.01157 0.02969 0.03303 0.03649 0.08467 0.03203 0.01491 0.07368 0.01993 0.05914 0.06451 0.06585 0.14262 0.02951 0.00367 0.01467
0.07296 0.00863 0.03712 0.06502 0.01940 0.05160 0.02129 0.03573 0.09291 0.07263 0.06604 0.03986 0.07376 0.04724 0.05950 0.07042 0.07781 0.05604 0.00503 0.02703
0.08962 0.00764 0.05387 0.11906 0.01674 0.02705 0.02192 0.05757 0.07092 0.08194 0.02792 0.06554 0.02579 0.05024 0.04511 0.08634 0.05904 0.07222 0.00454 0.01694
0.13136 0.00835 0.03738 0.07971 0.01860 0.03510 0.02109 0.04835 0.06615 0.11307 0.02075 0.03979 0.01785 0.07408 0.04280 0.12773 0.04997 0.04526 0.00486 0.01775
0.10472 0.00562 0.05576 0.08289 0.01118 0.02879 0.05008 0.03996 0.11019 0.03112 0.01454 0.04831 0.01946 0.09790 0.13057 0.06445 0.05019 0.02861 0.00358 0.02208
0.10388 0.00975 0.03253 0.05707 0.02247 0.02538 0.03456 0.04199 0.05888 0.13952 0.03909 0.03606 0.01727 0.07016 0.03934 0.09513 0.09776 0.05390 0.00556 0.01970
0.06290 0.00619 0.09316 0.09929 0.01280 0.04216 0.02308 0.07714 0.07872 0.03476 0.01583 0.05596 0.01902 0.05525 0.06465 0.06270 0.13633 0.04122 0.00384 0.01500
0.06283 0.00587 0.08516 0.08871 0.01193 0.04494 0.02333 0.03431 0.10582 0.06242 0.01510 0.06923 0.04459 0.06791 0.04982 0.06337 0.04986 0.03022 0.07000 0.01458
0.06209 0.00886 0.03421 0.05996 0.06380 0.06708 0.09856 0.03739 0.06980 0.05198 0.03635 0.05459 0.03830 0.04393 0.04016 0.07653 0.05809 0.04863 0.03127 0.01840
0.06308 0.00721 0.05472 0.09800 0.02742 0.02727 0.02219 0.02807 0.10569 0.09671 0.03409 0.04322 0.05470 0.05154 0.06013 0.06040 0.09911 0.03843 0.01168 0.01635
0.06260 0.00549 0.13809 0.10873 0.01794 0.02853 0.04842 0.01860 0.09598 0.04659 0.02942 0.04797 0.01926 0.06748 0.07626 0.06402 0.04968 0.02789 0.00349 0.04356
0.09072 0.00562 0.08516 0.08171 0.02563 0.03833 0.04100 0.03235 0.08168 0.03114 0.01452 0.04758 0.06638 0.08665 0.05832 0.09212 0.07459 0.02872 0.00356 0.01423
0.06437 0.00552 0.07847 0.15380 0.03116 0.02950 0.04816 0.01846 0.08547 0.03036 0.01432 0.04980 0.03525 0.08305 0.05241 0.10863 0.05107 0.03966 0.00353 0.01699
0.07732 0.00599 0.04484 0.10853 0.01230 0.02779 0.02287 0.06126 0.11060 0.04849 0.01535 0.04587 0.06136 0.06492 0.06394 0.07849 0.10071 0.03101 0.00373 0.01464
0.06213 0.02096 0.06153 0.16294 0.01241 0.05596 0.02285 0.02170 0.07832 0.03380 0.02688 0.06110 0.01879 0.05488 0.05562 0.11965 0.04930 0.05281 0.01367 0.01470
0.06908 0.00946 0.04961 0.08800 0.05911 0.07198 0.02436 0.02757 0.07560 0.07918 0.01790 0.06461 0.03510 0.05072 0.04533 0.11336 0.04924 0.04944 0.00426 0.01608
0.10768 0.01413 0.02237 0.07022 0.05878 0.03357 0.01717 0.06249 0.04205 0.14446 0.02915 0.02749 0.01538 0.06127 0.03064 0.05320 0.07702 0.08954 0.00660 0.03678
0.06192 0.01148 0.02424 0.05049 0.04193 0.04442 0.01767 0.07028 0.05785 0.13377 0.02810 0.03693 0.01569 0.03359 0.05387 0.08835 0.06578 0.09261 0.00639 0.06466
0.07772 0.02175 0.04928 0.08755 0.01700 0.03763 0.02378 0.05174 0.08191 0.04416 0.01738 0.06780 0.01858 0.06827 0.04685 0.14407 0.06689 0.03982 0.00416 0.03366
0.06209 0.09076 0.04787 0.03316 0.03153 0.03325 0.01624 0.07711 0.05268 0.19917 0.03168 0.02446 0.01487 0.02776 0.02773 0.04486 0.04919 0.10472 0.00711 0.02373
0.07262 0.00598 0.11704 0.12678 0.01209 0.04629 0.02415 0.03122 0.10061 0.06608 0.02254 0.04883 0.01980 0.05850 0.05161 0.08764 0.05145 0.03806 0.00376 0.01494
0.08417 0.00529 0.06679 0.10061 0.01032 0.03872 0.02388 0.01744 0.12367 0.02896 0.02058 0.06371 0.01946 0.05865 0.05954 0.12673 0.10104 0.03323 0.00340 0.01381
0.07078 0.00516 0.06328 0.13878 0.01000 0.06647 0.03924 0.01678 0.08467 0.03010 0.01345 0.06618 0.03472 0.09605 0.05351 0.07846 0.07961 0.03578 0.00334 0.01365
0.07288 0.00597 0.04932 0.13459 0.01935 0.08015 0.02678 0.02126 0.07991 0.05531 0.01534 0.05971 0.05883 0.05732 0.05248 0.08829 0.04984 0.05423 0.00373 0.01471
0.06193 0.00755 0.03890 0.06804 0.01659 0.03660 0.05275 0.03017 0.06890 0.07417 0.02505 0.04302 0.06250 0.07123 0.05956 0.10217 0.04914 0.05753 0.00449 0.06972
0.06207 0.00555 0.10245 0.10322 0.01111 0.03749 0.02327 0.03385 0.09969 0.03429 0.01435 0.05671 0.01904 0.05665 0.06641 0.10307 0.04925 0.05304 0.00352 0.06496
0.07935 0.01902 0.02944 0.05175 0.02615 0.02409 0.02223 0.06205 0.05348 0.05971 0.04572 0.04697 0.03289 0.03895 0.07036 0.09871 0.13877 0.06239 0.00570 0.03227
0.07924 0.04159 0.03385 0.05935 0.02025 0.02837 0.02007 0.03757 0.06066 0.05216 0.02206 0.05446 0.01711 0.06615 0.06304 0.12622 0.10004 0.07488 0.02132 0.02162
0.06158 0.01346 0.01650 0.04843 0.10865 0.02777 0.02528 0.06304 0.03254 0.11563 0.06983 0.02267 0.01642 0.02553 0.06223 0.04325 0.09325 0.08731 0.02500 0.04162
0.07283 0.01741 0.06126 0.08005 0.01566 0.02825 0.07503 0.03042 0.12017 0.03317 0.02190 0.06186 0.03861 0.05611 0.07046 0.08831 0.05826 0.05187 0.00372 0.01467
0.06080 0.00579 0.04423 0.12003 0.01185 0.03362 0.02248 0.02064 0.11856 0.05848 0.07296 0.05264 0.05605 0.05906 0.06683 0.06797 0.06417 0.04596 0.00362 0.01425
0.06121 0.00678 0.09101 0.07600 0.02483 0.02565 0.03057 0.02638 0.06864 0.10780 0.03070 0.04066 0.02516 0.08645 0.05573 0.08049 0.05858 0.06791 0.00407 0.03137
0.07033 0.00581 0.04267 0.08663 0.01962 0.02655 0.02182 0.02099 0.11274 0.04440 0.01488 0.04370 0.02908 0.09460 0.07913 0.12151 0.06962 0.06867 0.01312 0.01412
0.12080 0.00548 0.05091 0.09162 0.01109 0.07533 0.02201 0.01918 0.08818 0.03917 0.02487 0.05165 0.06306 0.05328 0.06147 0.08657 0.05251 0.06572 0.00344 0.01366
0.06526 0.00595 0.05331 0.07940 0.01717 0.02596 0.02128 0.02195 0.12292 0.11065 0.01519 0.04236 0.03220 0.08137 0.05841 0.08322 0.07240 0.04192 0.01122 0.03785
0.06077 0.00528 0.03939 0.09428 0.09839 0.02443 0.02009 0.02570 0.12008 0.04178 0.02053 0.07980 0.02063 0.04829 0.10473 0.10300 0.04330 0.03337 0.00328 0.01289
0.08378 0.00914 0.04321 0.10274 0.01011 0.04695 0.02038 0.01746 0.08173 0.03765 0.02104 0.04120 0.06838 0.08196 0.04794 0.11828 0.08822 0.05710 0.00316 0.01958
0.08048 0.00489 0.07423 0.09298 0.00979 0.02582 0.03034 0.02344 0.07531 0.07551 0.04080 0.05245 0.05217 0.05551 0.10040 0.07890 0.05756 0.04632 0.00310 0.02000
0.08203 0.03462 0.05167 0.08458 0.00938 0.03209 0.07337 0.02259 0.13540 0.03720 0.01231 0.04227 0.04940 0.06406 0.06146 0.06327 0.09067 0.03833 0.00303 0.01224
0.12064 0.01161 0.04759 0.12359 0.01338 0.04022 0.01975 0.02688 0.06539 0.07895 0.01577 0.04323 0.02378 0.05260 0.05754 0.06074 0.07089 0.08659 0.00376 0.03709
0.06022 0.01492 0.07876 0.11943 0.04002 0.08113 0.01903 0.03803 0.06687 0.07910 0.02238 0.03672 0.01591 0.04372 0.04566 0.10720 0.05759 0.05479 0.00391 0.01460
0.07099 0.00908 0.06869 0.14060 0.00987 0.06053 0.02754 0.02607 0.07390 0.04014 0.03965 0.04887 0.02428 0.05499 0.06474 0.10763 0.05531 0.05028 0.00313 0.02372
0.08600 0.00443 0.05084 0.09779 0.00862 0.07816 0.02630 0.02800 0.07176 0.03526 0.01154 0.05688 0.06179 0.08369 0.08449 0.10554 0.04857 0.03325 0.00286 0.02423
0.06960 0.00446 0.07033 0.14410 0.00862 0.05780 0.02083 0.01444 0.08065 0.03707 0.01567 0.04646 0.04099 0.10384 0.08371 0.09317 0.05320 0.02946 0.01379 0.01182
0.06741 0.00678 0.05071 0.05802 0.02197 0.02280 0.02424 0.04186 0.09918 0.12353 0.03565 0.05721 0.03185 0.04347 0.09841 0.05443 0.04657 0.09711 0.00401 0.01479
0.06137 0.02391 0.05016 0.07591 0.01583 0.03651 0.02025 0.01704 0.09367 0.02730 0.02690 0.07750 0.01657 0.05786 0.17874 0.09595 0.06453 0.03809 0.00687 0.01506
0.07753 0.01230 0.05225 0.06977 0.01208 0.06263 0.02172 0.01810 0.06985 0.04705 0.01317 0.05384 0.05634 0.06198 0.06982 0.11636 0.06905 0.02641 0.00321 0.08652
0.07046 0.01204 0.05991 0.13006 0.03785 0.03794 0.02296 0.03157 0.08579 0.03066 0.04043 0.04421 0.01624 0.07068 0.05340 0.16875 0.04208 0.02732 0.00302 0.01462
0.05201 0.01299 0.04784 0.08350 0.01217 0.07412 0.01941 0.02011 0.07739 0.06758 0.01225 0.04341 0.08289 0.11851 0.04152 0.09955 0.08744 0.02435 0.00689 0.01607
0.06022 0.00428 0.04866 0.07807 0.00826 0.03033 0.02652 0.01916 0.12446 0.02837 0.02858 0.04495 0.07030 0.12646 0.11043 0.07993 0.07069 0.02625 0.00277 0.01132
0.11303 0.03830 0.05047 0.07118 0.05338 0.02671 0.01805 0.04225 0.05755 0.07623 0.02482 0.03012 0.01910 0.05156 0.06249 0.07127 0.05886 0.06052 0.00422 0.06989
0.10023 0.03179 0.06689 0.13599 0.01216 0.05816 0.01973 0.01356 0.09347 0.02290 0.02418 0.06042 0.02664 0.10886 0.07649 0.07267 0.04095 0.02103 0.00273 0.01116
0.08429 0.00877 0.03524 0.07431 0.01790 0.02986 0.05022 0.08418 0.06268 0.06900 0.03185 0.03334 0.05335 0.06211 0.04897 0.11349 0.06175 0.06132 0.00369 0.01369
0.06887 0.00406 0.03759 0.09116 0.01073 0.02747 0.01854 0.01331 0.09009 0.06497 0.01290 0.04011 0.09376 0.08600 0.11445 0.13162 0.06067 0.02042 0.00262 0.01066
0.05379 0.00424 0.04801 0.07008 0.03148 0.03549 0.05034 0.01963 0.15233 0.06105 0.05001 0.05250 0.05161 0.06718 0.04145 0.10496 0.05748 0.02988 0.00270 0.01580
0.08302 0.00402 0.04403 0.07222 0.00781 0.04382 0.08279 0.02380 0.07384 0.05384 0.01047 0.11632 0.04248 0.08334 0.05986 0.09106 0.04601 0.04812 0.00259 0.01057
0.10000 0.00583 0.04935 0.11492 0.03344 0.02023 0.04350 0.06114 0.05779 0.08609 0.02731 0.03141 0.02379 0.04764 0.03359 0.09243 0.09916 0.04946 0.00346 0.01944
0.05948 0.03348 0.02953 0.04919 0.08259 0.02516 0.01778 0.06770 0.08244 0.12196 0.03903 0.02026 0.01149 0.02727 0.02846 0.10647 0.06571 0.09920 0.00504 0.02778
0.13874 0.00904 0.07246 0.08721 0.00806 0.02662 0.02505 0.04108 0.11869 0.05750 0.02346 0.06117 0.01493 0.06411 0.03947 0.12972 0.04376 0.02560 0.00264 0.01068
0.14092 0.00399 0.05411 0.12709 0.00773 0.02717 0.01844 0.01475 0.10290 0.02178 0.01039 0.04774 0.05298 0.06143 0.04368 0.09556 0.04834 0.07862 0.00258 0.03978
0.08529 0.00421 0.04499 0.07088 0.01300 0.02796 0.01808 0.01425 0.07344 0.04668 0.01089 0.03679 0.15074 0.05158 0.14393 0.11469 0.04511 0.03403 0.00268 0.01077
0.06989 0.01163 0.03419 0.04889 0.06158 0.04281 0.02397 0.03533 0.04264 0.17263 0.05804 0.04216 0.05290 0.07367 0.02853 0.06806 0.05609 0.05818 0.00415 0.01466
0.06129 0.00682 0.02552 0.05209 0.02091 0.07739 0.02470 0.03693 0.05382 0.10897 0.01933 0.04123 0.01940 0.03668 0.04908 0.07450 0.12949 0.14385 0.00393 0.01408
0.06686 0.03842 0.05446 0.09609 0.00759 0.02986 0.09362 0.01270 0.09468 0.03189 0.01028 0.12840 0.05056 0.06671 0.05146 0.08562 0.03839 0.01970 0.00255 0.02013
0.05924 0.00567 0.03055 0.08626 0.07248 0.07601 0.02658 0.03609 0.05394 0.04931 0.05543 0.04231 0.01386 0.08753 0.06535 0.08872 0.08752 0.04516 0.00533 0.01265
0.05500 0.00570 0.06349 0.09255 0.00764 0.03419 0.09059 0.01279 0.06781 0.05260 0.01032 0.03798 0.06375 0.09431 0.09676 0.13519 0.03951 0.01981 0.00256 0.01745
0.08405 0.01673 0.15576 0.09332 0.00763 0.03949 0.03720 0.01276 0.08464 0.02160 0.01035 0.12521 0.01521 0.08128 0.05997 0.06674 0.03878 0.01983 0.00257 0.02687
0.07256 0.00393 0.05112 0.13372 0.01337 0.05431 0.02545 0.01597 0.12471 0.02141 0.01681 0.04767 0.02948 0.09314 0.04816 0.11749 0.08402 0.03367 0.00255 0.01045
0.06462 0.00942 0.09792 0.11339 0.02051 0.05952 0.01839 0.02318 0.06490 0.02207 0.02019 0.04699 0.03968 0.10628 0.04991 0.07216 0.12868 0.02900 0.00260 0.01058
0.08019 0.01795 0.00927 0.02888 0.03460 0.01609 0.01054 0.07532 0.01711 0.23051 0.02696 0.01328 0.03246 0.02069 0.02719 0.02923 0.08383 0.15103 0.07528 0.01959
0.05987 0.00496 0.03863 0.11408 0.02189 0.02465 0.01742 0.03597 0.07332 0.12453 0.05643 0.06563 0.05961 0.08934 0.04664 0.05347 0.04970 0.03490 0.00305 0.02592
0.05960 0.00406 0.15064 0.10872 0.00789 0.03654 0.02010 0.09915 0.07118 0.04241 0.01057 0.08989 0.01901 0.06622 0.04654 0.07882 0.04884 0.02655 0.00262 0.01068
0.14264 0.01061 0.01084 0.04337 0.03225 0.02331 0.01143 0.17520 0.02195 0.15505 0.06414 0.03345 0.01069 0.02881 0.02634 0.04067 0.04368 0.10085 0.00576 0.01897
0.05609 0.00936 0.10461 0.10096 0.08516 0.02189 0.04198 0.03848 0.11783 0.06385 0.02359 0.03720 0.02075 0.04133 0.04381 0.06247 0.04493 0.04228 0.01509 0.02837
0.06280 0.00415 0.04785 0.10400 0.00798 0.02976 0.05543 0.01334 0.13392 0.02259 0.01083 0.07484 0.03706 0.06962 0.10863 0.11010 0.06142 0.02074 0.00269 0.02224
0.09930 0.00924 0.04305 0.11253 0.05321 0.09637 0.02250 0.02611 0.07504 0.07372 0.01349 0.03641 0.04836 0.04657 0.04848 0.07328 0.05137 0.02781 0.00324 0.03991
0.08754 0.00929 0.02378 0.04181 0.01919 0.04656 0.01537 0.04926 0.12845 0.08651 0.03722 0.02691 0.06753 0.03151 0.03740 0.08732 0.03985 0.07711 0.00465 0.08276
