402
1
0 1.0
20
0.07879 0.01516 0.05352 0.06683 0.03971 0.06951 0.02292 0.05901 0.05944 0.09637 0.02377 0.04144 0.04829 0.03956 0.05410 0.06834 0.05407 0.06734 0.01141 0.03041
0.09610 0.01341 0.03503 0.04297 0.01082 0.20749 0.01329 0.01818 0.03646 0.02558 0.01133 0.03521 0.02269 0.02778 0.02626 0.27257 0.05839 0.03353 0.00292 0.00998
0.06699 0.01159 0.02712 0.03905 0.02504 0.16894 0.01532 0.05044 0.04182 0.23614 0.02377 0.02877 0.01727 0.02911 0.03149 0.05359 0.04715 0.06172 0.00545 0.01924
0.06769 0.00821 0.06060 0.07382 0.01199 0.03800 0.01905 0.01925 0.05920 0.02873 0.01225 0.18070 0.18198 0.04238 0.03923 0.06380 0.04687 0.02974 0.00342 0.01307
0.20590 0.01239 0.02030 0.03157 0.02856 0.02685 0.01351 0.07749 0.03548 0.21524 0.03039 0.02438 0.01569 0.02540 0.02723 0.04936 0.04713 0.08932 0.00540 0.01839
0.29536 0.01423 0.02884 0.03614 0.01144 0.21258 0.01224 0.02134 0.03251 0.02795 0.01208 0.03214 0.02255 0.02488 0.02428 0.08182 0.05929 0.03748 0.00301 0.00985
0.06255 0.00802 0.17568 0.07699 0.01915 0.03128 0.02128 0.03798 0.06382 0.05454 0.11898 0.04617 0.01918 0.04708 0.04083 0.05852 0.04788 0.04781 0.00462 0.01764
0.06769 0.00821 0.06060 0.07382 0.01199 0.03800 0.01905 0.01925 0.05920 0.02873 0.01225 0.18070 0.18198 0.04238 0.03923 0.06380 0.04687 0.02974 0.00342 0.01307
0.06707 0.01153 0.02619 0.04050 0.04306 0.03000 0.02011 0.04012 0.04689 0.05774 0.02203 0.03064 0.01752 0.03229 0.03544 0.17921 0.04819 0.05204 0.15797 0.04148
0.06152 0.00812 0.03775 0.05723 0.01177 0.20333 0.01979 0.02025 0.08197 0.03128 0.01324 0.03816 0.01873 0.04474 0.20403 0.05681 0.04447 0.02997 0.00384 0.01299
0.05789 0.00687 0.04691 0.06971 0.01172 0.03094 0.02238 0.02097 0.21204 0.03279 0.01389 0.04370 0.16164 0.05180 0.06881 0.05618 0.04422 0.02993 0.00388 0.01374
0.27285 0.01333 0.03093 0.04144 0.01334 0.04505 0.01398 0.02605 0.03970 0.03399 0.01414 0.03370 0.17208 0.02901 0.02890 0.07733 0.05770 0.04140 0.00344 0.01162
0.21192 0.00718 0.19767 0.08781 0.01095 0.03818 0.02000 0.02039 0.05691 0.02861 0.01215 0.05235 0.02062 0.04533 0.03439 0.06361 0.04604 0.03050 0.00309 0.01231
0.07361 0.01230 0.02815 0.04280 0.02677 0.03215 0.01691 0.05276 0.04712 0.18477 0.02513 0.03146 0.01834 0.03267 0.03488 0.19561 0.05202 0.06552 0.00579 0.02124
0.06326 0.01063 0.02930 0.09256 0.04419 0.02449 0.01915 0.04733 0.05311 0.07897 0.18465 0.04560 0.04253 0.03870 0.03650 0.05229 0.05015 0.05964 0.00601 0.02097
0.08794 0.01682 0.06856 0.07479 0.01596 0.02827 0.02290 0.02877 0.10509 0.05638 0.03780 0.04468 0.01910 0.05322 0.04767 0.17967 0.05168 0.03947 0.00445 0.01679
0.07794 0.00597 0.21539 0.08360 0.02659 0.02846 0.02290 0.02153 0.10786 0.05962 0.01524 0.05294 0.01894 0.05481 0.04810 0.06192 0.04884 0.03100 0.00371 0.01462
0.06256 0.00637 0.05051 0.24833 0.02993 0.02792 0.02280 0.03545 0.07718 0.05381 0.01625 0.04557 0.01882 0.07889 0.04811 0.07534 0.04962 0.03337 0.00393 0.01524
0.07716 0.01281 0.01943 0.05130 0.03083 0.02167 0.01635 0.09968 0.03729 0.12300 0.03114 0.05307 0.01491 0.03663 0.02835 0.04504 0.04900 0.22208 0.00696 0.02331
0.06149 0.01296 0.03819 0.03262 0.20624 0.04447 0.01611 0.07998 0.03544 0.10863 0.04443 0.02414 0.04223 0.02738 0.02734 0.04437 0.04875 0.07429 0.00711 0.02381
0.09451 0.00626 0.07196 0.08840 0.04253 0.03657 0.02151 0.02266 0.07134 0.03511 0.01544 0.04407 0.01814 0.05079 0.04434 0.23884 0.04725 0.03212 0.00373 0.01445
0.06065 0.00729 0.05001 0.06747 0.01592 0.04623 0.02099 0.05672 0.06796 0.07732 0.01829 0.05796 0.04171 0.06132 0.04321 0.05722 0.19020 0.03905 0.00433 0.01615
0.07226 0.00719 0.03873 0.06736 0.01530 0.04686 0.02086 0.03291 0.08576 0.04039 0.01771 0.09007 0.02903 0.04807 0.04323 0.05756 0.18751 0.07928 0.00420 0.01573
0.05838 0.00714 0.08736 0.06589 0.01557 0.02564 0.02018 0.02848 0.08336 0.20500 0.01774 0.03966 0.03511 0.04593 0.04140 0.05491 0.11016 0.03831 0.00420 0.01561
0.21308 0.00666 0.05849 0.07136 0.02526 0.04449 0.02150 0.04199 0.07145 0.03761 0.01673 0.04242 0.01793 0.09878 0.04487 0.08507 0.04803 0.03501 0.00400 0.01525
0.06738 0.00738 0.03166 0.05672 0.01719 0.02329 0.06982 0.03013 0.08939 0.07467 0.01841 0.03533 0.01593 0.04406 0.10337 0.05012 0.04383 0.03966 0.00460 0.17705
0.07192 0.02642 0.01427 0.02562 0.06373 0.01989 0.01470 0.11731 0.02873 0.10090 0.03255 0.02053 0.04048 0.02292 0.04361 0.04678 0.20117 0.07713 0.00729 0.02405
0.05988 0.00515 0.04588 0.10273 0.01012 0.04388 0.02274 0.01720 0.21529 0.05475 0.01335 0.04634 0.02965 0.07222 0.04948 0.10770 0.05819 0.02602 0.00330 0.01612
0.05755 0.00885 0.04292 0.07136 0.01033 0.05888 0.02055 0.01790 0.09104 0.02840 0.01305 0.05439 0.01744 0.07602 0.04534 0.29881 0.04468 0.02663 0.00322 0.01263
0.08676 0.00523 0.06615 0.07848 0.01020 0.02743 0.02218 0.01740 0.07720 0.02832 0.01327 0.04566 0.15320 0.07787 0.05901 0.12506 0.06398 0.02619 0.00327 0.01315
0.08317 0.04454 0.04228 0.07390 0.01215 0.04642 0.02187 0.02135 0.20784 0.03308 0.01504 0.04354 0.01799 0.09981 0.05411 0.07021 0.04726 0.04758 0.00366 0.01422
0.26622 0.04948 0.01019 0.01666 0.01996 0.02457 0.00956 0.04397 0.01878 0.05051 0.02013 0.01669 0.01323 0.01529 0.01601 0.07741 0.06242 0.25008 0.00444 0.01440
0.10473 0.02694 0.02002 0.03364 0.01510 0.02723 0.01271 0.02804 0.03500 0.03798 0.01605 0.03848 0.03450 0.02594 0.02455 0.08479 0.36259 0.05531 0.00372 0.01272
0.05767 0.00478 0.05623 0.07835 0.01988 0.02675 0.05189 0.01555 0.24387 0.02619 0.01245 0.07947 0.01804 0.10321 0.06037 0.05976 0.04584 0.02393 0.00311 0.01263
0.05810 0.00689 0.03716 0.06509 0.03194 0.02499 0.02036 0.05957 0.06737 0.03960 0.01732 0.03915 0.06437 0.07620 0.19288 0.09371 0.04899 0.03680 0.00412 0.01538
0.06008 0.00662 0.06695 0.08344 0.03729 0.03628 0.02078 0.02559 0.06858 0.08427 0.01673 0.05988 0.01730 0.04842 0.04320 0.08209 0.18241 0.04099 0.00399 0.01511
0.11277 0.00644 0.06264 0.06861 0.01355 0.03448 0.02070 0.02421 0.06885 0.04690 0.01608 0.04083 0.02405 0.05979 0.04324 0.08098 0.19805 0.05932 0.00385 0.01466
0.10841 0.03828 0.01265 0.02274 0.21720 0.01865 0.02542 0.06032 0.02573 0.10561 0.03094 0.01869 0.02264 0.02072 0.02164 0.05168 0.09560 0.07333 0.00693 0.02281
0.07355 0.00494 0.04293 0.10859 0.00979 0.02583 0.02136 0.01671 0.07501 0.02725 0.01279 0.04344 0.10896 0.18273 0.06777 0.06415 0.05468 0.03554 0.00315 0.02082
0.05108 0.00434 0.27714 0.08584 0.00858 0.02502 0.01971 0.01452 0.06741 0.02389 0.01116 0.04235 0.01632 0.08949 0.05224 0.08611 0.04032 0.07039 0.00278 0.01133
0.05596 0.01805 0.03388 0.19990 0.01541 0.04174 0.01879 0.02820 0.05982 0.05081 0.01744 0.03593 0.04080 0.04252 0.03836 0.09432 0.05469 0.13413 0.00410 0.01513
0.05510 0.01363 0.02757 0.05721 0.01994 0.02180 0.01966 0.03732 0.06634 0.19243 0.03077 0.06642 0.01486 0.03614 0.05624 0.10150 0.04372 0.05830 0.00491 0.07615
0.06549 0.00582 0.05997 0.08261 0.01226 0.02447 0.02005 0.13848 0.15023 0.04198 0.01480 0.03966 0.01656 0.07427 0.05289 0.05441 0.04403 0.08476 0.00356 0.01370
0.05097 0.00703 0.03757 0.05546 0.01589 0.02098 0.01682 0.04944 0.08673 0.06048 0.06449 0.03127 0.02220 0.03704 0.19085 0.04586 0.09672 0.09132 0.00409 0.01479
0.16128 0.00445 0.03948 0.10982 0.00877 0.02368 0.01959 0.01490 0.07614 0.02902 0.01645 0.03995 0.06310 0.11240 0.05034 0.09332 0.08933 0.03361 0.00285 0.01151
0.07089 0.00498 0.07496 0.09162 0.01026 0.02748 0.01888 0.15537 0.08861 0.03884 0.02879 0.03784 0.10232 0.05442 0.05612 0.05130 0.04073 0.03135 0.00310 0.01215
0.12302 0.01441 0.03268 0.09276 0.02077 0.02186 0.01774 0.04590 0.10940 0.05120 0.01524 0.05171 0.01482 0.04083 0.04004 0.09317 0.14747 0.04985 0.00361 0.01351
0.17160 0.00456 0.03870 0.08147 0.01642 0.02516 0.01933 0.01557 0.10901 0.07327 0.01179 0.05514 0.03942 0.05460 0.05164 0.13261 0.06198 0.02323 0.00290 0.01161
0.06222 0.00427 0.03984 0.10152 0.00829 0.02369 0.01963 0.01659 0.07115 0.03913 0.01721 0.11847 0.05926 0.07861 0.16194 0.08189 0.06085 0.02145 0.00276 0.01124
0.06613 0.02989 0.05715 0.08019 0.00938 0.03765 0.02023 0.01603 0.08298 0.02606 0.01222 0.06353 0.04622 0.06044 0.04347 0.17914 0.09706 0.04588 0.00300 0.02334
0.22917 0.00647 0.03070 0.06307 0.01438 0.07000 0.01717 0.03861 0.06566 0.08694 0.02255 0.03262 0.02895 0.07924 0.03496 0.06707 0.04018 0.05259 0.00381 0.01585
0.05022 0.00408 0.08770 0.07994 0.00786 0.06285 0.01931 0.01315 0.09858 0.02225 0.01064 0.03989 0.06408 0.05515 0.19773 0.11281 0.03984 0.02041 0.00265 0.01087
0.05927 0.02821 0.05187 0.07937 0.00844 0.02351 0.02307 0.01426 0.06857 0.06233 0.01122 0.07685 0.02070 0.21172 0.07738 0.08550 0.06192 0.02176 0.00278 0.01127
0.04910 0.00443 0.03847 0.10902 0.00880 0.02243 0.02801 0.01518 0.08742 0.03291 0.01144 0.03757 0.02598 0.04747 0.28249 0.05001 0.04871 0.08652 0.00284 0.01123
0.05692 0.00541 0.04890 0.06072 0.01146 0.07792 0.01821 0.02040 0.07014 0.05230 0.02978 0.04351 0.07829 0.04295 0.03821 0.20381 0.04976 0.03591 0.00330 0.05210
0.07891 0.00452 0.03825 0.06673 0.00902 0.02316 0.01913 0.02288 0.08693 0.03109 0.01169 0.07386 0.02973 0.04663 0.11210 0.22967 0.07228 0.02305 0.00287 0.01750
0.09789 0.00446 0.04186 0.19879 0.01488 0.04154 0.01904 0.01516 0.07578 0.02462 0.01154 0.03871 0.01939 0.04819 0.04886 0.09882 0.10061 0.02269 0.06578 0.01139
0.09946 0.01021 0.01424 0.04892 0.02478 0.09476 0.01261 0.07863 0.02762 0.11492 0.06767 0.01884 0.02338 0.03026 0.02137 0.03476 0.05701 0.06622 0.00559 0.14876
0.06456 0.00611 0.03094 0.05412 0.03784 0.06849 0.03308 0.06170 0.05475 0.03986 0.01535 0.06343 0.08186 0.04624 0.05452 0.16621 0.04137 0.04682 0.00362 0.02912
0.07269 0.00409 0.14877 0.11524 0.00788 0.06865 0.01921 0.02228 0.08455 0.02703 0.01066 0.05300 0.02156 0.06618 0.04156 0.11521 0.08748 0.02045 0.00265 0.01086
0.11141 0.00407 0.15670 0.08664 0.00791 0.13270 0.01886 0.01329 0.06629 0.04637 0.01060 0.07087 0.01540 0.07008 0.04048 0.06933 0.03912 0.02046 0.00263 0.01680
0.05840 0.00573 0.03214 0.05618 0.13061 0.02936 0.04250 0.02245 0.08074 0.08105 0.02066 0.05293 0.02836 0.12649 0.04196 0.06533 0.03922 0.03061 0.00344 0.05184
0.06827 0.00427 0.13119 0.10587 0.00842 0.04513 0.02465 0.05096 0.06582 0.06866 0.01108 0.14113 0.03058 0.04594 0.04038 0.06169 0.05336 0.02882 0.00273 0.01103
0.05817 0.00414 0.05341 0.06664 0.00806 0.02445 0.03517 0.01359 0.09859 0.02266 0.03129 0.05576 0.02568 0.05397 0.04999 0.26515 0.09118 0.02858 0.00267 0.01086
0.04944 0.00415 0.18984 0.07681 0.00810 0.09049 0.03204 0.02269 0.08144 0.07117 0.01079 0.08899 0.01532 0.04618 0.04054 0.08463 0.04700 0.02687 0.00267 0.01086
0.05029 0.00456 0.04801 0.16468 0.03018 0.03949 0.06922 0.02296 0.08192 0.04893 0.01176 0.03939 0.01539 0.05487 0.04797 0.10498 0.05545 0.05192 0.00288 0.05515
0.05601 0.01087 0.01551 0.03106 0.11920 0.01563 0.02185 0.15789 0.02174 0.12959 0.02633 0.01577 0.02338 0.01752 0.02819 0.13662 0.03896 0.10860 0.00589 0.01939
0.07135 0.00581 0.07787 0.05481 0.01268 0.10195 0.01702 0.02297 0.07660 0.08870 0.02015 0.03289 0.02028 0.05837 0.03512 0.06597 0.05575 0.14138 0.00347 0.03687
0.05024 0.02309 0.03024 0.06652 0.01344 0.02069 0.02283 0.03897 0.05355 0.09786 0.01527 0.10857 0.01404 0.04738 0.04946 0.17284 0.10942 0.04864 0.00360 0.01332
0.06586 0.00571 0.03173 0.07230 0.06249 0.02107 0.03238 0.02944 0.12351 0.15806 0.01924 0.04891 0.01428 0.03958 0.06201 0.11801 0.04438 0.03477 0.00342 0.01285
0.09160 0.00400 0.06104 0.07683 0.00771 0.13000 0.02454 0.01290 0.07061 0.02179 0.01043 0.08876 0.08066 0.08072 0.06310 0.06746 0.05437 0.04028 0.00259 0.01062
0.11668 0.00454 0.25903 0.07707 0.00922 0.02194 0.01806 0.04078 0.06241 0.04377 0.01167 0.04077 0.02341 0.04368 0.05220 0.07951 0.04444 0.03670 0.00285 0.01127
0.04730 0.00846 0.02898 0.03470 0.13642 0.04270 0.01948 0.03799 0.03631 0.12580 0.04900 0.02312 0.09558 0.04326 0.03386 0.10664 0.04327 0.05856 0.00473 0.02382
0.04999 0.00446 0.03611 0.06299 0.00898 0.06204 0.01817 0.04276 0.06712 0.04199 0.01148 0.10182 0.08361 0.06612 0.05750 0.19883 0.04329 0.02876 0.00281 0.01117
0.08563 0.00397 0.16333 0.07637 0.00765 0.06674 0.05716 0.01279 0.09170 0.02538 0.01037 0.04008 0.07988 0.07146 0.05271 0.06939 0.04653 0.02572 0.00258 0.01056
0.08062 0.03773 0.00783 0.01431 0.02799 0.03204 0.01062 0.07875 0.01706 0.15347 0.03766 0.01330 0.01018 0.02246 0.02764 0.02947 0.21238 0.16053 0.00610 0.01987
0.05634 0.03384 0.05122 0.10625 0.02018 0.03420 0.01782 0.01724 0.06795 0.11488 0.01220 0.03570 0.01467 0.08013 0.03781 0.22173 0.03855 0.02476 0.00296 0.01156
0.14173 0.00434 0.03650 0.07981 0.00867 0.07779 0.01826 0.01486 0.12776 0.03903 0.01539 0.04457 0.02082 0.04447 0.10467 0.05979 0.07347 0.07431 0.00275 0.01102
0.06691 0.00442 0.15024 0.13497 0.04606 0.02198 0.01810 0.01535 0.09831 0.05789 0.01139 0.07681 0.01483 0.04393 0.03870 0.04916 0.03846 0.09860 0.00279 0.01110
0.04604 0.00370 0.18578 0.20703 0.00713 0.02196 0.01781 0.01189 0.10319 0.02018 0.00964 0.09005 0.01458 0.06304 0.06729 0.05596 0.04387 0.01851 0.00241 0.00993
0.04864 0.01196 0.12176 0.08044 0.05295 0.02212 0.02578 0.01471 0.06795 0.03993 0.02946 0.12426 0.02513 0.04455 0.09507 0.10682 0.03860 0.03046 0.00274 0.01668
0.05046 0.00955 0.03666 0.09494 0.01956 0.04586 0.01829 0.01459 0.07243 0.05197 0.01110 0.03718 0.05183 0.06074 0.10980 0.21818 0.06138 0.02183 0.00273 0.01095
0.04820 0.00551 0.03785 0.12755 0.02430 0.05869 0.02480 0.05089 0.07227 0.08916 0.01392 0.03699 0.01951 0.12047 0.03519 0.04614 0.03824 0.12679 0.00331 0.02020
0.07224 0.00455 0.08912 0.06208 0.05386 0.02186 0.01800 0.01608 0.11713 0.06604 0.04880 0.07884 0.01477 0.05205 0.13160 0.04892 0.05360 0.02937 0.00285 0.01824
0.04884 0.00458 0.08748 0.06261 0.00929 0.02206 0.01814 0.01612 0.20138 0.15391 0.01360 0.04200 0.01488 0.04382 0.03885 0.11654 0.06213 0.02957 0.00287 0.01133
0.14376 0.00414 0.03756 0.07301 0.00811 0.05765 0.01858 0.01372 0.16562 0.02272 0.01076 0.04542 0.03018 0.05140 0.04779 0.17333 0.04475 0.02090 0.01288 0.01771
0.05542 0.00751 0.02799 0.04157 0.01742 0.02503 0.01487 0.08467 0.06810 0.13180 0.10313 0.03018 0.02379 0.04837 0.12425 0.07128 0.03785 0.06745 0.00427 0.01505
0.09832 0.00403 0.04490 0.14510 0.01182 0.07563 0.01868 0.01309 0.07763 0.03310 0.01050 0.14683 0.01521 0.04604 0.08468 0.07588 0.04903 0.03629 0.00261 0.01065
0.06052 0.00403 0.14382 0.07312 0.00780 0.03018 0.01868 0.01309 0.08436 0.05912 0.01050 0.04624 0.01521 0.09895 0.11929 0.11094 0.04987 0.02607 0.01757 0.01065
0.04809 0.00483 0.04429 0.08216 0.12709 0.02137 0.03374 0.03613 0.11052 0.02723 0.02380 0.03496 0.01445 0.04878 0.12187 0.09982 0.03816 0.06813 0.00298 0.01160
0.06316 0.00393 0.04785 0.15195 0.00756 0.03357 0.12075 0.01264 0.10636 0.02139 0.01025 0.03803 0.03852 0.05397 0.05816 0.15444 0.03838 0.02609 0.00255 0.01045
0.09941 0.00890 0.01730 0.11889 0.02130 0.01701 0.01306 0.15536 0.03240 0.06763 0.04980 0.02108 0.01742 0.03361 0.04572 0.10081 0.03696 0.10405 0.02256 0.01674
0.05125 0.00421 0.06478 0.09357 0.00813 0.03092 0.01958 0.01364 0.07381 0.02903 0.01096 0.04020 0.02783 0.08103 0.12464 0.22683 0.04067 0.02108 0.00272 0.03511
0.06334 0.01153 0.16558 0.14496 0.00834 0.03624 0.03879 0.01405 0.09486 0.09682 0.01115 0.05163 0.02146 0.04810 0.05027 0.05309 0.04078 0.03499 0.00276 0.01125
0.06533 0.00430 0.17614 0.06904 0.00837 0.04998 0.04349 0.01412 0.14303 0.02352 0.03042 0.03999 0.02180 0.05529 0.06810 0.05912 0.04077 0.07318 0.00277 0.01126
0.11926 0.00426 0.04775 0.17610 0.01552 0.02371 0.02069 0.01388 0.08873 0.04127 0.01110 0.04028 0.02896 0.14718 0.06647 0.05335 0.05859 0.02891 0.00275 0.01123
0.07009 0.00728 0.02761 0.20227 0.06674 0.07049 0.01636 0.03082 0.04936 0.14896 0.01808 0.03005 0.02170 0.04952 0.03243 0.04468 0.04006 0.04649 0.00420 0.02282
0.06187 0.01836 0.04008 0.10934 0.01875 0.09627 0.02038 0.02684 0.18896 0.02960 0.01357 0.05007 0.01675 0.07008 0.04338 0.06143 0.05772 0.02737 0.01004 0.03913
0.14504 0.00427 0.08389 0.06884 0.00831 0.02351 0.02595 0.03314 0.10858 0.02922 0.01593 0.13806 0.01587 0.09855 0.05007 0.06195 0.04733 0.02148 0.00880 0.01120
0.14490 0.00546 0.03406 0.06658 0.01156 0.03023 0.01780 0.02065 0.07179 0.17127 0.01375 0.06162 0.05332 0.04178 0.03724 0.12635 0.04709 0.02871 0.00329 0.01256
0.05462 0.00469 0.03655 0.06378 0.00952 0.04153 0.01852 0.01652 0.09663 0.06800 0.01203 0.04449 0.09755 0.04474 0.12647 0.14300 0.06077 0.04606 0.00294 0.01160
0.07241 0.00412 0.03896 0.20229 0.01399 0.02311 0.01917 0.01337 0.12864 0.06419 0.01075 0.04699 0.02677 0.09140 0.09216 0.06127 0.05617 0.02066 0.00267 0.01090
0.06056 0.02573 0.02548 0.07759 0.01713 0.08023 0.01559 0.08115 0.07842 0.18595 0.01841 0.02814 0.03115 0.03312 0.04556 0.05253 0.08072 0.04316 0.00426 0.01511
0.08439 0.00576 0.03235 0.06882 0.01248 0.02953 0.01741 0.03407 0.06873 0.05203 0.01452 0.03382 0.03690 0.07351 0.03607 0.20168 0.06560 0.11590 0.00345 0.01298
0.06721 0.00635 0.02992 0.07946 0.13832 0.02079 0.01676 0.02586 0.07759 0.04600 0.01590 0.07143 0.01411 0.05507 0.03411 0.07401 0.05918 0.04830 0.10589 0.01373
0.05267 0.01940 0.00835 0.01503 0.02637 0.01483 0.01022 0.05541 0.01777 0.47637 0.02627 0.01348 0.01006 0.02919 0.01591 0.05702 0.03544 0.09218 0.00565 0.01837
0.06916 0.00412 0.05825 0.17483 0.00795 0.03990 0.01930 0.01330 0.18040 0.05133 0.01075 0.03964 0.02148 0.06264 0.04177 0.09041 0.07882 0.02234 0.00267 0.01093
0.06455 0.00654 0.02969 0.05199 0.02216 0.02087 0.01680 0.07454 0.10516 0.07337 0.01636 0.05471 0.02027 0.04392 0.11626 0.04580 0.16665 0.05064 0.00384 0.01586
0.07257 0.00429 0.03886 0.16158 0.00840 0.06220 0.01921 0.01596 0.17114 0.06449 0.01114 0.10068 0.01566 0.04715 0.04149 0.07796 0.04018 0.02165 0.01422 0.01117
0.06666 0.00420 0.04733 0.17875 0.00813 0.02361 0.01954 0.01364 0.20717 0.02293 0.03323 0.05586 0.01591 0.05713 0.04230 0.05776 0.11095 0.02106 0.00272 0.01111
0.05125 0.00429 0.03950 0.06889 0.00834 0.04581 0.01952 0.01407 0.10953 0.03510 0.01115 0.10718 0.02986 0.05530 0.12252 0.17467 0.05217 0.03686 0.00276 0.01123
0.18959 0.00419 0.04699 0.09477 0.00809 0.02377 0.01963 0.01355 0.10166 0.02284 0.01092 0.13640 0.03075 0.09918 0.04238 0.07384 0.04069 0.02694 0.00271 0.01111
0.05192 0.00439 0.03987 0.06955 0.02028 0.08533 0.01977 0.01449 0.11598 0.04371 0.01140 0.10781 0.01609 0.06583 0.13582 0.11455 0.04687 0.02210 0.00282 0.01144
0.05710 0.00443 0.10468 0.10930 0.00870 0.02390 0.01978 0.06081 0.06954 0.06458 0.01152 0.09661 0.01613 0.14385 0.05002 0.07092 0.04140 0.03058 0.00284 0.01331
0.05127 0.00891 0.02231 0.03930 0.04593 0.01949 0.10333 0.13275 0.04095 0.06039 0.03003 0.05620 0.05257 0.06503 0.02841 0.09952 0.04067 0.07719 0.00500 0.02075
0.07715 0.01059 0.02180 0.03756 0.02563 0.01811 0.01371 0.13684 0.03116 0.07111 0.03801 0.02094 0.01246 0.03329 0.04041 0.07842 0.09054 0.11296 0.00582 0.12351
0.05016 0.00406 0.06674 0.21437 0.00780 0.02383 0.01946 0.01304 0.22309 0.02214 0.01056 0.05636 0.02228 0.04790 0.07910 0.06559 0.03976 0.02026 0.00264 0.01085
0.05379 0.00444 0.13812 0.07272 0.00860 0.03235 0.02927 0.01444 0.16670 0.04449 0.01156 0.04208 0.02945 0.07072 0.06661 0.10310 0.04269 0.05429 0.00287 0.01171
0.05860 0.00434 0.06041 0.21192 0.00836 0.03331 0.09897 0.01398 0.07938 0.02935 0.01133 0.08073 0.01669 0.07261 0.07745 0.05558 0.05091 0.02171 0.00282 0.01156
0.05110 0.01216 0.01007 0.01825 0.06056 0.01655 0.01209 0.08694 0.02123 0.25189 0.03009 0.01584 0.17625 0.02087 0.02637 0.04024 0.04051 0.08084 0.00659 0.02155
0.05357 0.00548 0.05188 0.23469 0.01148 0.04587 0.01947 0.07167 0.06578 0.03761 0.01397 0.06497 0.01609 0.04626 0.04751 0.05289 0.04249 0.10191 0.00337 0.01305
0.11828 0.05756 0.02665 0.13285 0.03139 0.02809 0.02212 0.03638 0.04817 0.05698 0.02071 0.02973 0.01440 0.03492 0.04153 0.12328 0.04242 0.10444 0.00477 0.02533
0.13166 0.00517 0.03917 0.07494 0.01056 0.02424 0.01997 0.03059 0.10246 0.02887 0.01324 0.04007 0.06515 0.04808 0.15476 0.09388 0.04978 0.05151 0.00322 0.01268
0.05396 0.02016 0.02887 0.07260 0.05397 0.02178 0.02754 0.11556 0.13832 0.05207 0.01966 0.03905 0.05907 0.03729 0.05748 0.04735 0.06333 0.07110 0.00456 0.01628
0.05042 0.00452 0.03753 0.06647 0.00881 0.04886 0.01987 0.01524 0.27696 0.03402 0.01168 0.03908 0.02139 0.07378 0.12534 0.05158 0.04029 0.03200 0.00295 0.03921
0.05465 0.00454 0.09177 0.08058 0.00883 0.03029 0.02082 0.02993 0.15661 0.03342 0.01183 0.14743 0.01696 0.05123 0.06609 0.05649 0.09063 0.03302 0.00293 0.01195
0.05424 0.01831 0.08358 0.09164 0.02834 0.02300 0.02755 0.02696 0.05967 0.15548 0.01684 0.04368 0.01560 0.04234 0.08850 0.07500 0.04304 0.06085 0.00397 0.04138
0.05439 0.00567 0.03778 0.26153 0.02544 0.02405 0.01977 0.02114 0.08394 0.05875 0.07889 0.03904 0.01628 0.05579 0.06702 0.06069 0.04320 0.02974 0.00348 0.01340
0.05386 0.00436 0.07312 0.24666 0.00841 0.03873 0.02067 0.01404 0.09894 0.02377 0.01138 0.05152 0.04089 0.07183 0.05773 0.05602 0.09178 0.02182 0.00283 0.01163
0.05497 0.00512 0.04041 0.09453 0.01040 0.03349 0.03361 0.02707 0.07062 0.02855 0.07738 0.04119 0.05875 0.17521 0.05493 0.08157 0.05960 0.03664 0.00322 0.01274
0.15275 0.00533 0.04502 0.11372 0.01063 0.02718 0.04522 0.02602 0.10356 0.03898 0.01375 0.05913 0.01834 0.05461 0.04829 0.14608 0.04736 0.02715 0.00338 0.01352
0.05960 0.01667 0.02825 0.04959 0.03298 0.07411 0.01808 0.04140 0.05133 0.09798 0.02334 0.03193 0.14649 0.03730 0.05996 0.05987 0.09415 0.05281 0.00537 0.01880
0.05979 0.00644 0.16344 0.10852 0.06043 0.03388 0.02140 0.02444 0.07148 0.05984 0.03017 0.04995 0.01773 0.05034 0.04480 0.07438 0.06035 0.04372 0.00392 0.01499
0.11611 0.00777 0.03742 0.06706 0.03076 0.11467 0.02056 0.03163 0.07453 0.05953 0.01945 0.04955 0.01731 0.09512 0.04189 0.05603 0.04812 0.09111 0.00457 0.01681
0.06077 0.09806 0.05200 0.11013 0.02538 0.04720 0.02584 0.02002 0.07809 0.03167 0.01461 0.04555 0.01852 0.11652 0.08628 0.07422 0.04822 0.02925 0.00357 0.01410
0.05725 0.00470 0.05285 0.23321 0.00908 0.08012 0.02230 0.01525 0.10410 0.02572 0.01219 0.04675 0.01819 0.10529 0.05924 0.05965 0.05505 0.02352 0.00306 0.01249
0.05886 0.00533 0.18317 0.08651 0.01074 0.03799 0.02217 0.04887 0.07618 0.06420 0.01370 0.06425 0.01825 0.11226 0.04681 0.05997 0.04661 0.02731 0.00336 0.01346
0.06095 0.00794 0.05087 0.06371 0.01772 0.02549 0.02053 0.10009 0.06467 0.04617 0.07029 0.05233 0.04073 0.08171 0.06595 0.06535 0.07067 0.07310 0.00466 0.01707
0.06803 0.00546 0.06960 0.09501 0.01104 0.02724 0.02219 0.01907 0.07638 0.03035 0.01403 0.08007 0.03451 0.08845 0.04703 0.06020 0.07166 0.16259 0.00343 0.01366
0.05989 0.00556 0.04487 0.07766 0.01115 0.02738 0.03110 0.01933 0.10790 0.03090 0.01425 0.04550 0.06821 0.19234 0.05080 0.09137 0.04757 0.05684 0.00352 0.01386
0.05876 0.00583 0.04557 0.07490 0.01164 0.02730 0.02151 0.02040 0.08120 0.03170 0.01438 0.18449 0.10907 0.06580 0.04630 0.07772 0.04619 0.06002 0.00352 0.01373
0.05906 0.00490 0.07034 0.11183 0.00955 0.02813 0.02278 0.01606 0.18923 0.02684 0.01270 0.06677 0.09713 0.05581 0.04873 0.06135 0.04677 0.02464 0.00316 0.04423
0.08787 0.00546 0.15598 0.08051 0.01081 0.03625 0.02278 0.01854 0.07878 0.02990 0.01393 0.05602 0.06788 0.07351 0.04839 0.06205 0.07624 0.05797 0.00342 0.01371
0.06129 0.00572 0.04522 0.11600 0.01157 0.02772 0.02291 0.03335 0.08931 0.05898 0.01470 0.04609 0.01873 0.17883 0.05580 0.10393 0.06268 0.02936 0.00360 0.01422
0.05731 0.00488 0.05552 0.22763 0.02840 0.02674 0.02182 0.01623 0.10473 0.02677 0.01262 0.04521 0.09067 0.05338 0.04658 0.09033 0.05077 0.02463 0.00312 0.01268
0.06090 0.00596 0.04377 0.10076 0.01224 0.02733 0.02263 0.02148 0.20222 0.03349 0.01527 0.04501 0.03834 0.05429 0.06288 0.06082 0.07523 0.08960 0.00372 0.02404
0.03993 0.00424 0.02654 0.05022 0.00796 0.01913 0.01822 0.01468 0.13441 0.05306 0.01071 0.03131 0.08299 0.04367 0.33548 0.04002 0.05347 0.02076 0.00291 0.01029
0.07946 0.00950 0.02525 0.05533 0.03503 0.02149 0.01681 0.13705 0.04614 0.12201 0.02335 0.05252 0.03389 0.06017 0.03173 0.07202 0.10125 0.05311 0.00535 0.01855
0.04017 0.00305 0.12202 0.24098 0.00600 0.12232 0.01663 0.00981 0.18750 0.01678 0.00774 0.04131 0.01431 0.03991 0.03078 0.04357 0.03117 0.01537 0.00199 0.00859
0.07747 0.00451 0.10808 0.16439 0.00868 0.02717 0.02136 0.01452 0.09951 0.02456 0.01174 0.04431 0.01742 0.07050 0.07966 0.14459 0.04406 0.02254 0.00293 0.01201
0.07899 0.00454 0.04489 0.29570 0.00879 0.08194 0.02034 0.01489 0.07129 0.02463 0.01157 0.04260 0.01673 0.06256 0.06311 0.05487 0.06533 0.02265 0.00288 0.01169
0.05586 0.00540 0.04067 0.08538 0.02902 0.07921 0.02068 0.03120 0.07156 0.03019 0.01381 0.15191 0.01697 0.04970 0.16526 0.05594 0.05280 0.02789 0.00337 0.01319
0.04958 0.00993 0.01592 0.02858 0.02376 0.01809 0.01351 0.04803 0.03592 0.25682 0.02437 0.02080 0.01224 0.02455 0.14648 0.08733 0.03897 0.12180 0.00537 0.01795
0.10771 0.00623 0.03628 0.06343 0.03121 0.04563 0.01946 0.04325 0.07193 0.03561 0.01572 0.03788 0.03185 0.05541 0.24259 0.06119 0.04363 0.03308 0.00375 0.01417
0.16796 0.00656 0.03379 0.05899 0.01425 0.02306 0.01858 0.14747 0.09369 0.03754 0.01634 0.05501 0.01738 0.04250 0.05708 0.11236 0.04418 0.03500 0.00388 0.01438
0.14152 0.00492 0.04065 0.07094 0.00985 0.02474 0.02048 0.06773 0.08587 0.02728 0.01269 0.05982 0.02480 0.15151 0.09101 0.08227 0.04324 0.02512 0.00312 0.01242
0.09700 0.00680 0.03369 0.06698 0.01500 0.03872 0.01852 0.02740 0.05914 0.09205 0.01701 0.15576 0.03341 0.06116 0.03786 0.05051 0.04302 0.12712 0.00401 0.01481
0.07214 0.00322 0.07712 0.39133 0.00630 0.02340 0.01659 0.01037 0.05287 0.01753 0.00811 0.04011 0.01422 0.06462 0.03110 0.11205 0.03191 0.01613 0.00207 0.00881
0.03320 0.00284 0.04124 0.19647 0.00523 0.01941 0.01562 0.00909 0.12340 0.01609 0.00720 0.03324 0.01214 0.35405 0.04512 0.03558 0.02656 0.01373 0.00202 0.00776
0.10600 0.00433 0.03881 0.06594 0.00809 0.04930 0.01921 0.01386 0.31122 0.02316 0.01083 0.03873 0.03472 0.10499 0.04659 0.05055 0.03895 0.02107 0.00275 0.01088
0.06467 0.00428 0.03541 0.06537 0.00801 0.03833 0.01916 0.01391 0.15055 0.02333 0.01082 0.03716 0.01507 0.04675 0.27917 0.10640 0.04712 0.02090 0.00279 0.01079
0.15291 0.00478 0.04142 0.09042 0.00946 0.03183 0.03756 0.01614 0.08201 0.07638 0.01237 0.07291 0.03174 0.05841 0.13036 0.05598 0.04341 0.03663 0.00305 0.01225
0.22468 0.00517 0.03702 0.06324 0.00985 0.02380 0.01868 0.01727 0.09166 0.02705 0.01233 0.03758 0.01565 0.19570 0.04208 0.08610 0.04054 0.03679 0.00303 0.01177
0.10037 0.00447 0.06053 0.07312 0.00862 0.02497 0.02070 0.01450 0.20353 0.02436 0.01160 0.05044 0.01682 0.05097 0.13149 0.10656 0.05996 0.02234 0.00289 0.01176
0.06795 0.00659 0.03122 0.05520 0.01447 0.02198 0.01811 0.03013 0.07639 0.20083 0.01648 0.03375 0.01495 0.05154 0.15421 0.10270 0.04985 0.03540 0.00393 0.01432
0.06242 0.00434 0.04343 0.28669 0.00843 0.07742 0.02015 0.01420 0.09509 0.03458 0.01126 0.04194 0.01646 0.09034 0.04363 0.07209 0.04145 0.02180 0.00281 0.01145
0.05637 0.00399 0.04636 0.33177 0.00763 0.05079 0.01870 0.01278 0.06406 0.02142 0.01009 0.07680 0.01559 0.04559 0.05865 0.10873 0.03797 0.01974 0.00253 0.01042
0.21441 0.00490 0.15176 0.08815 0.01005 0.02354 0.01794 0.01770 0.05870 0.11622 0.01216 0.03828 0.01519 0.04241 0.03609 0.07433 0.03833 0.02527 0.00295 0.01161
0.05466 0.00457 0.10019 0.10443 0.00891 0.02514 0.02081 0.02132 0.15908 0.12914 0.01190 0.05747 0.01695 0.05116 0.06317 0.08019 0.05296 0.02302 0.00295 0.01199
0.17273 0.00458 0.06087 0.16946 0.00895 0.02506 0.02065 0.01513 0.09334 0.07554 0.01188 0.04243 0.03187 0.06102 0.04439 0.08109 0.04305 0.02307 0.00294 0.01195
0.06989 0.00942 0.02270 0.04009 0.07763 0.02021 0.01576 0.04214 0.05306 0.11069 0.04183 0.02657 0.01382 0.03101 0.12466 0.18183 0.04237 0.05285 0.00528 0.01818
0.07826 0.00726 0.08437 0.05533 0.15026 0.02249 0.10479 0.03002 0.05628 0.04604 0.03727 0.03388 0.01527 0.04014 0.05428 0.04925 0.07556 0.03954 0.00424 0.01547
0.05241 0.00445 0.04272 0.28888 0.00871 0.02460 0.02010 0.01477 0.09553 0.02445 0.01152 0.04159 0.06907 0.07324 0.04372 0.07324 0.04155 0.05498 0.00286 0.01160
0.30128 0.00830 0.02615 0.04584 0.01897 0.02108 0.01646 0.03599 0.06879 0.10448 0.02028 0.02929 0.01426 0.05994 0.03299 0.04514 0.06481 0.06485 0.00467 0.01643
0.05242 0.01173 0.01310 0.02345 0.06585 0.01768 0.03070 0.05509 0.02625 0.07130 0.02843 0.01858 0.07064 0.03009 0.02143 0.05598 0.04156 0.17847 0.16499 0.02227
0.05306 0.00661 0.03265 0.05729 0.01443 0.07625 0.01833 0.04462 0.22795 0.03803 0.01647 0.03479 0.03127 0.04172 0.05032 0.04951 0.05062 0.13777 0.00391 0.01439
0.20284 0.00453 0.04011 0.09091 0.00875 0.02399 0.01978 0.01498 0.07176 0.02468 0.01153 0.04010 0.01605 0.07895 0.13801 0.13531 0.04076 0.02257 0.00289 0.01149
0.06056 0.00684 0.03062 0.05402 0.01523 0.05802 0.02916 0.02797 0.05943 0.03988 0.20033 0.03319 0.01487 0.05867 0.14401 0.04754 0.04127 0.03698 0.00406 0.03734
0.04592 0.00503 0.02895 0.04773 0.00727 0.02229 0.01499 0.01286 0.29409 0.02050 0.00928 0.03005 0.01349 0.03561 0.04074 0.17120 0.16885 0.01987 0.00240 0.00888
0.05327 0.00702 0.03184 0.21766 0.01565 0.05319 0.01785 0.04585 0.05601 0.05090 0.15364 0.03375 0.03079 0.03987 0.03619 0.05713 0.04220 0.03815 0.00409 0.01496
0.04887 0.00393 0.08653 0.23491 0.00759 0.02401 0.01917 0.01266 0.19267 0.02150 0.01020 0.04104 0.01573 0.04699 0.05632 0.10643 0.03864 0.01966 0.00257 0.01058
0.05342 0.00470 0.04057 0.18829 0.00930 0.07458 0.02023 0.01590 0.07139 0.04287 0.01214 0.04107 0.01649 0.06431 0.15164 0.08085 0.04242 0.05482 0.00300 0.01201
0.25608 0.02099 0.03922 0.03341 0.02134 0.01995 0.01382 0.10183 0.03516 0.05405 0.02199 0.02326 0.01303 0.02627 0.02520 0.15714 0.04048 0.07490 0.00497 0.01692
0.06929 0.00427 0.04091 0.10270 0.00817 0.07547 0.02623 0.01376 0.21767 0.02336 0.01113 0.05106 0.01633 0.14399 0.06493 0.05398 0.04134 0.02127 0.00280 0.01134
0.04699 0.00389 0.04990 0.08400 0.00739 0.04203 0.01901 0.01251 0.33270 0.02141 0.01008 0.09564 0.01521 0.04662 0.09385 0.04910 0.03743 0.01926 0.00259 0.01038
0.05225 0.01239 0.01037 0.01874 0.03047 0.02643 0.01228 0.16203 0.02169 0.14072 0.06649 0.01622 0.18576 0.01783 0.01903 0.05436 0.04135 0.08324 0.00664 0.02172
0.16410 0.00460 0.05264 0.09284 0.00894 0.02538 0.02101 0.01507 0.15773 0.02516 0.01195 0.04302 0.01710 0.05165 0.08307 0.07414 0.11349 0.02310 0.00297 0.01206
0.17852 0.00428 0.03681 0.06562 0.00810 0.02295 0.03985 0.01402 0.12965 0.02378 0.01109 0.03880 0.01967 0.16992 0.11219 0.05037 0.03921 0.02115 0.00287 0.01115
0.05140 0.00456 0.03863 0.09644 0.00888 0.04208 0.02020 0.01531 0.33202 0.02530 0.02681 0.03996 0.01610 0.06354 0.06508 0.05267 0.04104 0.04531 0.00297 0.01171
0.07023 0.00465 0.04246 0.09110 0.00907 0.02535 0.06624 0.01533 0.16008 0.06456 0.01209 0.04293 0.02584 0.10040 0.06554 0.06303 0.09421 0.02341 0.00299 0.02049
0.05485 0.00457 0.04246 0.09492 0.00887 0.04037 0.02098 0.01496 0.10537 0.03092 0.01190 0.13200 0.06779 0.05162 0.15149 0.06830 0.04355 0.04011 0.00296 0.01201
0.05492 0.00889 0.03724 0.11693 0.01269 0.02404 0.01966 0.02979 0.06585 0.13730 0.01512 0.03863 0.03996 0.06503 0.14912 0.07478 0.04359 0.03149 0.00362 0.03135
0.08550 0.00842 0.03442 0.08599 0.01783 0.02591 0.01909 0.03278 0.05891 0.04594 0.01956 0.03634 0.01689 0.04191 0.03874 0.14494 0.07808 0.04353 0.14862 0.01662
0.05957 0.00918 0.05905 0.05251 0.09000 0.02431 0.01853 0.03911 0.05271 0.05387 0.04670 0.03348 0.01613 0.03837 0.03529 0.24930 0.04660 0.05010 0.00538 0.01981
0.05983 0.00933 0.03041 0.07648 0.02194 0.02393 0.04079 0.04035 0.05759 0.12949 0.02307 0.03390 0.01631 0.06663 0.03937 0.05134 0.06657 0.05160 0.14182 0.01925
0.08537 0.00778 0.03655 0.07399 0.01498 0.23691 0.01881 0.02736 0.05950 0.06856 0.01697 0.03745 0.04970 0.04244 0.03842 0.05630 0.07243 0.03768 0.00402 0.01476
0.06952 0.00612 0.04358 0.07458 0.01244 0.13547 0.02198 0.02192 0.10091 0.06172 0.01528 0.04406 0.10160 0.07305 0.04767 0.07298 0.04768 0.03133 0.00372 0.01439
0.07168 0.00581 0.04568 0.09979 0.01163 0.06868 0.02256 0.04458 0.07750 0.03182 0.01465 0.10497 0.07479 0.05439 0.04789 0.12512 0.05021 0.03055 0.00357 0.01412
0.12046 0.00669 0.06229 0.09447 0.01425 0.02700 0.02192 0.02550 0.09997 0.15285 0.01693 0.04331 0.01821 0.05142 0.04583 0.08398 0.04865 0.04672 0.00405 0.01547
0.08721 0.01214 0.02252 0.03975 0.03335 0.02273 0.16167 0.05652 0.04347 0.14100 0.04438 0.02790 0.01562 0.03221 0.03208 0.04758 0.04937 0.06920 0.00744 0.05385
0.09197 0.00971 0.03473 0.06071 0.05235 0.13679 0.02087 0.04087 0.06239 0.05641 0.05120 0.05211 0.01800 0.04479 0.06549 0.07155 0.05194 0.05294 0.00552 0.01967
0.04852 0.00381 0.10739 0.22163 0.00742 0.03159 0.01933 0.01226 0.10779 0.02083 0.00979 0.06910 0.01625 0.04698 0.03819 0.16909 0.03804 0.01912 0.00247 0.01042
0.05797 0.00486 0.04540 0.19346 0.00945 0.04505 0.02731 0.01594 0.07786 0.02655 0.01416 0.05164 0.07994 0.05425 0.07003 0.12774 0.05814 0.02441 0.00312 0.01271
0.07284 0.00516 0.04363 0.11011 0.01030 0.03968 0.02805 0.04208 0.16365 0.04664 0.01335 0.04647 0.01784 0.05321 0.05740 0.16080 0.04607 0.02631 0.00328 0.01313
0.06251 0.00595 0.04115 0.07187 0.01242 0.04444 0.03354 0.11547 0.12193 0.03358 0.02153 0.11050 0.01756 0.05073 0.06784 0.07137 0.06630 0.03343 0.00367 0.01421
0.05754 0.00490 0.04404 0.11593 0.00955 0.02647 0.11195 0.01621 0.17354 0.03744 0.03542 0.05734 0.01789 0.05425 0.07185 0.07937 0.04575 0.02464 0.00317 0.01276
0.05822 0.00485 0.04521 0.11128 0.00939 0.04816 0.02228 0.01582 0.18764 0.02649 0.01260 0.06467 0.01811 0.05481 0.07505 0.13332 0.05585 0.04038 0.00313 0.01274
0.12227 0.00507 0.04437 0.07738 0.01000 0.05631 0.04152 0.01704 0.17681 0.04998 0.01312 0.05521 0.03394 0.05401 0.06254 0.07419 0.06430 0.02567 0.00324 0.01304
0.11334 0.00491 0.17891 0.10012 0.00970 0.02649 0.02147 0.02422 0.08517 0.02697 0.01264 0.04459 0.01765 0.05235 0.04553 0.07375 0.12159 0.02486 0.00312 0.01262
0.05553 0.00533 0.05079 0.11691 0.00999 0.05584 0.02149 0.01739 0.07820 0.02801 0.01267 0.04525 0.20748 0.05134 0.10250 0.05640 0.04340 0.02569 0.00323 0.01257
0.09175 0.00401 0.18311 0.19723 0.00780 0.02609 0.02001 0.01293 0.09390 0.02194 0.01037 0.06639 0.01668 0.06789 0.04045 0.06589 0.03989 0.02014 0.00261 0.01091
0.05769 0.02748 0.06329 0.19349 0.00970 0.02662 0.02186 0.01648 0.07685 0.02712 0.01278 0.04480 0.01787 0.05350 0.15802 0.08600 0.06554 0.02497 0.00316 0.01277
0.07563 0.00479 0.04479 0.19457 0.00929 0.02646 0.02190 0.01571 0.07817 0.02623 0.01242 0.04479 0.03418 0.07376 0.16019 0.06947 0.06799 0.02403 0.00309 0.01254
0.10382 0.00544 0.04429 0.10158 0.01056 0.02677 0.02105 0.01825 0.07216 0.04032 0.01335 0.14592 0.01763 0.05076 0.04457 0.17855 0.06174 0.02699 0.00327 0.01297
0.18930 0.01023 0.02514 0.06462 0.02400 0.02220 0.03940 0.04584 0.04586 0.08613 0.02491 0.02904 0.01508 0.03364 0.03206 0.05882 0.04607 0.18236 0.00569 0.01960
0.11434 0.00681 0.03854 0.11401 0.01471 0.02552 0.02072 0.02660 0.06819 0.06414 0.02191 0.04028 0.01727 0.04803 0.07452 0.17094 0.04685 0.06716 0.00408 0.01536
0.05304 0.00515 0.03786 0.06642 0.00962 0.04816 0.02046 0.01691 0.11808 0.02737 0.01251 0.03974 0.01646 0.04938 0.16381 0.07995 0.19485 0.02491 0.00318 0.01215
0.05521 0.00485 0.08083 0.10152 0.00964 0.04676 0.02120 0.01648 0.20226 0.02683 0.13482 0.04442 0.01742 0.05147 0.04563 0.05678 0.04370 0.02464 0.00309 0.01245
0.05537 0.00513 0.04516 0.08167 0.01021 0.14151 0.02095 0.01769 0.10472 0.04877 0.01298 0.17817 0.01726 0.05053 0.04588 0.05623 0.06583 0.02602 0.00321 0.01271
0.05487 0.00685 0.03470 0.21701 0.01507 0.02373 0.01963 0.05036 0.08849 0.16559 0.01735 0.03684 0.01610 0.04478 0.05711 0.05137 0.04374 0.03723 0.00412 0.01508
0.18665 0.00574 0.04282 0.09202 0.01114 0.02663 0.02060 0.01944 0.06988 0.04183 0.01380 0.06719 0.03938 0.04926 0.04339 0.18013 0.04523 0.02835 0.00336 0.01316
0.04981 0.00487 0.03687 0.08786 0.00956 0.02349 0.03369 0.01699 0.22148 0.15631 0.01250 0.03904 0.01597 0.10243 0.05866 0.05040 0.04017 0.02451 0.00324 0.01216
0.07855 0.00562 0.04368 0.07626 0.01143 0.04719 0.11125 0.01987 0.09273 0.05444 0.01445 0.04463 0.02889 0.13705 0.05574 0.06010 0.04738 0.02895 0.00353 0.03824
0.17710 0.00848 0.03226 0.05586 0.01878 0.02443 0.04438 0.03484 0.05764 0.04840 0.02048 0.05738 0.01633 0.04097 0.05001 0.07330 0.04652 0.17095 0.00478 0.01712
0.05528 0.00647 0.17488 0.06669 0.15250 0.05984 0.01951 0.02511 0.06130 0.03671 0.02594 0.06659 0.01654 0.04440 0.03852 0.05293 0.04342 0.03420 0.00395 0.01523
0.05485 0.00476 0.06248 0.18913 0.00947 0.02683 0.02107 0.01612 0.08141 0.05232 0.01220 0.04524 0.16695 0.05104 0.04376 0.07960 0.04327 0.02419 0.00303 0.01228
0.05956 0.03102 0.05860 0.06586 0.01578 0.02545 0.02067 0.02870 0.17509 0.04157 0.02918 0.04854 0.01726 0.05238 0.05096 0.05607 0.04728 0.15578 0.00429 0.01596
0.05923 0.01177 0.02037 0.06196 0.03810 0.04410 0.01621 0.18179 0.03859 0.07099 0.02870 0.02544 0.03585 0.04121 0.02862 0.04449 0.04696 0.06680 0.11684 0.02198
0.05828 0.00500 0.06725 0.07892 0.00982 0.02713 0.05273 0.01668 0.18843 0.05122 0.01294 0.05230 0.01818 0.05454 0.04880 0.17008 0.04624 0.02525 0.00321 0.01298
0.08206 0.00513 0.04392 0.17353 0.01014 0.02649 0.02210 0.01750 0.22251 0.04969 0.01325 0.04445 0.01786 0.06279 0.05061 0.05867 0.04568 0.03724 0.00330 0.01308
0.05730 0.00481 0.05604 0.10189 0.00926 0.04635 0.02242 0.01569 0.18593 0.02643 0.01251 0.04534 0.01802 0.06224 0.16988 0.05933 0.04562 0.04513 0.00315 0.01266
0.08514 0.01059 0.02424 0.04287 0.02514 0.02212 0.01719 0.07221 0.15803 0.19407 0.03594 0.02868 0.01514 0.03356 0.03291 0.06840 0.04667 0.06103 0.00589 0.02018
0.06092 0.01396 0.01390 0.02501 0.03429 0.04283 0.01488 0.08286 0.02828 0.10544 0.10648 0.02044 0.01395 0.02274 0.02372 0.17714 0.04828 0.10806 0.03190 0.02492
0.05431 0.00512 0.05040 0.20239 0.00964 0.02721 0.01983 0.01663 0.06595 0.02629 0.01200 0.06776 0.01710 0.04736 0.04054 0.22986 0.04197 0.05077 0.00297 0.01191
0.05580 0.00893 0.02739 0.04776 0.02615 0.02268 0.01877 0.03789 0.05475 0.07914 0.02156 0.03122 0.01527 0.03711 0.06850 0.19500 0.04404 0.04831 0.00611 0.15362
0.06305 0.01007 0.02092 0.03137 0.01590 0.06473 0.01201 0.02968 0.03212 0.21973 0.01610 0.02428 0.01505 0.02355 0.02352 0.29758 0.04269 0.04088 0.00377 0.01301
0.19491 0.00484 0.04329 0.12707 0.00924 0.02576 0.02185 0.01610 0.19426 0.02681 0.01234 0.04314 0.01722 0.05307 0.07295 0.05493 0.04272 0.02398 0.00319 0.01233
0.05873 0.00639 0.04411 0.19334 0.01272 0.02722 0.02050 0.02304 0.06820 0.05913 0.01513 0.04212 0.01758 0.04799 0.04311 0.08548 0.18516 0.03242 0.00365 0.01400
0.07930 0.00771 0.02540 0.04439 0.01706 0.02141 0.01718 0.03502 0.21055 0.24602 0.01894 0.02928 0.01420 0.03717 0.04909 0.04490 0.03917 0.04383 0.00437 0.01500
0.06001 0.00915 0.03030 0.04808 0.01840 0.02583 0.01655 0.03468 0.04849 0.23690 0.01944 0.12853 0.01589 0.03464 0.03323 0.11588 0.05777 0.04561 0.00454 0.01605
0.05613 0.00478 0.04434 0.09302 0.00907 0.02659 0.02278 0.01552 0.14247 0.02642 0.01241 0.17683 0.01795 0.07944 0.10288 0.05821 0.07169 0.02366 0.00319 0.01259
0.05085 0.00457 0.04046 0.09976 0.00852 0.02473 0.02174 0.01491 0.20770 0.02547 0.01172 0.04165 0.01668 0.05297 0.10055 0.19950 0.04095 0.02233 0.00311 0.01183
0.05827 0.00574 0.04490 0.19012 0.01162 0.02700 0.02191 0.04393 0.07731 0.03195 0.01447 0.04418 0.14468 0.05238 0.07600 0.06253 0.04614 0.02946 0.00356 0.01384
0.06073 0.00534 0.16305 0.08084 0.01058 0.02799 0.02319 0.01808 0.13513 0.02953 0.01381 0.05118 0.01884 0.05655 0.10447 0.06220 0.04825 0.05155 0.00343 0.03524
0.04310 0.00400 0.03446 0.19433 0.00708 0.02195 0.02081 0.01279 0.12768 0.02283 0.01030 0.03723 0.01497 0.09700 0.23868 0.04493 0.03542 0.01898 0.00292 0.01053
0.20584 0.01254 0.01899 0.03363 0.03017 0.02173 0.01604 0.05786 0.03651 0.08551 0.05794 0.02460 0.01476 0.02788 0.02777 0.05584 0.07262 0.07119 0.00683 0.12175
0.04965 0.00437 0.04374 0.20237 0.00819 0.02487 0.02117 0.01422 0.08531 0.02432 0.01119 0.04206 0.01648 0.08184 0.21627 0.07835 0.03981 0.02140 0.00296 0.01143
0.03535 0.00422 0.02338 0.04333 0.00773 0.01868 0.05286 0.01309 0.09661 0.02264 0.00961 0.02875 0.01251 0.04277 0.45321 0.07453 0.02897 0.01843 0.00302 0.01031
0.17061 0.00865 0.03203 0.06356 0.01977 0.02372 0.01825 0.03776 0.05639 0.20284 0.02136 0.03344 0.01576 0.09297 0.03875 0.04926 0.04470 0.04802 0.00489 0.01725
