502
1
0 1.0
20
0.07879 0.01516 0.05352 0.06683 0.03971 0.06951 0.02292 0.05901 0.05944 0.09637 0.02377 0.04144 0.04829 0.03956 0.05410 0.06834 0.05407 0.06734 0.01141 0.03041
0.10144 0.04382 0.02719 0.04746 0.02384 0.08370 0.01805 0.04492 0.04951 0.06036 0.13320 0.03161 0.01652 0.07411 0.03428 0.07749 0.04964 0.05736 0.00572 0.01979
0.06292 0.04479 0.02014 0.03583 0.08819 0.02224 0.01686 0.10708 0.03899 0.07786 0.03134 0.02588 0.01529 0.06615 0.08601 0.04636 0.10994 0.07334 0.00707 0.02371
0.06206 0.01323 0.01787 0.03208 0.03230 0.02151 0.01632 0.06207 0.06941 0.12981 0.09012 0.02405 0.01485 0.02759 0.08720 0.04446 0.04927 0.13706 0.04459 0.02416
0.05905 0.00506 0.05272 0.16518 0.00995 0.08384 0.02269 0.01688 0.07816 0.02773 0.01296 0.10407 0.01875 0.11435 0.04785 0.06109 0.04662 0.05671 0.00322 0.01310
0.06258 0.00839 0.03662 0.09751 0.07130 0.02606 0.02103 0.03485 0.11032 0.11283 0.02101 0.03930 0.01771 0.09967 0.04332 0.05694 0.04969 0.06805 0.00492 0.01790
0.06284 0.00595 0.04609 0.11198 0.01211 0.07806 0.05148 0.04217 0.08134 0.06536 0.01527 0.08871 0.01915 0.05644 0.10085 0.06324 0.04989 0.03064 0.00373 0.01469
0.06262 0.00866 0.07025 0.06250 0.01945 0.13304 0.02053 0.08162 0.06298 0.07316 0.02142 0.07294 0.01753 0.04515 0.04099 0.05625 0.04954 0.07834 0.00498 0.01804
0.06032 0.00687 0.07838 0.07092 0.01458 0.02701 0.02147 0.02623 0.07207 0.16510 0.01702 0.04244 0.01795 0.04981 0.10184 0.12479 0.04760 0.03603 0.00410 0.01547
0.06125 0.00621 0.04331 0.10892 0.01291 0.10127 0.02285 0.02273 0.12416 0.03512 0.01586 0.04489 0.01858 0.05448 0.08094 0.06073 0.04875 0.03228 0.05623 0.04850
0.06316 0.00723 0.09301 0.10498 0.05818 0.07803 0.05498 0.04970 0.07295 0.07007 0.01826 0.04339 0.01852 0.05157 0.04606 0.06047 0.05010 0.03856 0.00435 0.01643
0.11292 0.00594 0.06821 0.11295 0.01210 0.02841 0.02323 0.02106 0.08004 0.10744 0.01520 0.04703 0.01910 0.05596 0.10045 0.09140 0.04962 0.03060 0.00371 0.01463
0.05866 0.00538 0.11951 0.08138 0.05862 0.02827 0.05860 0.01877 0.07454 0.02991 0.01370 0.16011 0.01847 0.05331 0.04559 0.08374 0.04626 0.02756 0.00347 0.01414
0.11294 0.00623 0.10613 0.11083 0.05475 0.02825 0.02311 0.02263 0.07883 0.03498 0.01591 0.04639 0.01905 0.05530 0.09937 0.06278 0.04999 0.05360 0.00386 0.01506
0.06231 0.04793 0.01311 0.02364 0.09692 0.02041 0.05284 0.11878 0.02711 0.12736 0.03539 0.07905 0.01413 0.02215 0.02341 0.04143 0.04941 0.08393 0.00817 0.05256
0.09971 0.01416 0.01535 0.02757 0.07217 0.02108 0.01566 0.11527 0.03093 0.11102 0.03442 0.02194 0.04718 0.02456 0.08371 0.04318 0.04987 0.08122 0.06546 0.02555
0.09894 0.01274 0.02052 0.03643 0.07849 0.02232 0.01696 0.05895 0.03942 0.07699 0.03101 0.02616 0.01532 0.02992 0.11084 0.04658 0.08177 0.10917 0.00705 0.08041
0.06172 0.00584 0.04578 0.13091 0.08351 0.06059 0.07427 0.02063 0.10358 0.03266 0.01499 0.04654 0.01893 0.05603 0.08456 0.06220 0.04905 0.03001 0.00369 0.01450
0.06017 0.04122 0.00912 0.01671 0.03730 0.01863 0.01330 0.13230 0.02029 0.13483 0.03683 0.01626 0.01299 0.01750 0.01950 0.03712 0.08738 0.19332 0.06938 0.02585
0.09428 0.00538 0.08979 0.13391 0.01055 0.02900 0.02396 0.01788 0.08428 0.05028 0.01395 0.04902 0.01955 0.10761 0.08333 0.06496 0.05008 0.02716 0.00345 0.04158
0.08788 0.01482 0.01303 0.02355 0.08543 0.05783 0.01507 0.07024 0.02705 0.09019 0.09418 0.02006 0.01424 0.02212 0.02345 0.07953 0.04999 0.11806 0.06696 0.02632
0.06305 0.00927 0.03394 0.11264 0.02125 0.07833 0.02030 0.06191 0.06080 0.05454 0.06728 0.07072 0.01735 0.04364 0.04020 0.05535 0.05001 0.05104 0.06932 0.01907
0.06354 0.05023 0.09679 0.07748 0.01215 0.08116 0.02260 0.02119 0.07734 0.03308 0.01515 0.04577 0.01902 0.05422 0.10101 0.09704 0.08316 0.03096 0.00369 0.01443
0.06301 0.00954 0.06692 0.11123 0.05635 0.05527 0.01999 0.08581 0.05876 0.05649 0.09932 0.03620 0.01718 0.04247 0.03905 0.05462 0.04997 0.05298 0.00546 0.01939
0.06320 0.04117 0.09594 0.07028 0.01611 0.02729 0.02172 0.07298 0.07048 0.04251 0.01859 0.09484 0.07037 0.04996 0.04473 0.05977 0.07929 0.03986 0.00441 0.01649
0.06256 0.05402 0.11920 0.06004 0.02109 0.02560 0.02032 0.03825 0.06084 0.05301 0.05702 0.07155 0.01732 0.04377 0.04001 0.05534 0.04954 0.04963 0.00529 0.09560
0.09851 0.00890 0.03499 0.06077 0.01966 0.08048 0.02027 0.03634 0.06188 0.05069 0.02153 0.03781 0.01755 0.06736 0.04053 0.14200 0.04982 0.09320 0.00502 0.05270
0.06487 0.01071 0.02576 0.04401 0.02187 0.14571 0.01672 0.04169 0.04570 0.12110 0.02292 0.03015 0.08066 0.03356 0.03184 0.09463 0.04864 0.09609 0.00525 0.01812
0.14528 0.02950 0.07491 0.07166 0.01524 0.02764 0.02185 0.02746 0.07170 0.07425 0.01782 0.08689 0.07136 0.05073 0.04529 0.06050 0.04982 0.03783 0.00424 0.01601
0.05959 0.00578 0.04794 0.07540 0.01033 0.16886 0.02098 0.01782 0.09785 0.02833 0.01301 0.09605 0.08014 0.05028 0.04491 0.05961 0.08041 0.02680 0.00322 0.01270
0.06273 0.01186 0.02361 0.04184 0.02837 0.02305 0.01775 0.05402 0.04519 0.10706 0.02900 0.02873 0.06265 0.03332 0.08917 0.04859 0.10501 0.10319 0.06244 0.02240
0.06313 0.00735 0.04042 0.06697 0.01384 0.06731 0.02018 0.02475 0.06573 0.10038 0.01616 0.09129 0.07876 0.04667 0.04176 0.15374 0.04812 0.03499 0.00387 0.01457
0.06243 0.01086 0.02702 0.04753 0.02552 0.07770 0.05280 0.04826 0.04964 0.09501 0.03942 0.03135 0.07067 0.03647 0.03450 0.07356 0.04943 0.14082 0.00607 0.02095
0.11385 0.00788 0.08945 0.06697 0.01743 0.02642 0.02123 0.08596 0.06752 0.04557 0.01970 0.05273 0.04664 0.04803 0.04324 0.05795 0.08240 0.04256 0.00464 0.05984
0.05851 0.01282 0.01599 0.02849 0.13516 0.02015 0.01597 0.06048 0.07056 0.14515 0.03156 0.02206 0.07470 0.02493 0.02576 0.04141 0.04643 0.07325 0.06806 0.02856
0.06124 0.01363 0.01563 0.02795 0.07204 0.02071 0.01564 0.06431 0.03111 0.14190 0.03321 0.02196 0.01430 0.04909 0.02523 0.12763 0.04856 0.12449 0.00767 0.08370
0.09356 0.00587 0.04624 0.10767 0.01195 0.05982 0.07254 0.02074 0.07976 0.04439 0.01506 0.09569 0.01901 0.05586 0.04931 0.08361 0.04948 0.03023 0.00367 0.05556
0.11398 0.04604 0.02090 0.03703 0.02870 0.06661 0.01654 0.08939 0.06224 0.09632 0.02910 0.04486 0.01491 0.02991 0.02918 0.07581 0.04795 0.12174 0.00658 0.02221
0.11257 0.02674 0.03308 0.05786 0.01918 0.05838 0.01945 0.05908 0.05905 0.07131 0.02098 0.11212 0.04592 0.04238 0.03871 0.10626 0.04801 0.04650 0.00488 0.01755
0.10773 0.00529 0.04637 0.12002 0.02160 0.05765 0.02305 0.02802 0.10068 0.02913 0.01371 0.04695 0.01881 0.10355 0.06606 0.11914 0.04842 0.02682 0.00338 0.01362
0.06090 0.00672 0.04096 0.12011 0.03639 0.02656 0.02166 0.02574 0.09243 0.06549 0.01701 0.09063 0.04910 0.05071 0.04526 0.05892 0.10561 0.06629 0.00407 0.01547
0.09427 0.01074 0.02538 0.04478 0.02542 0.02278 0.01770 0.07040 0.04712 0.10654 0.02633 0.02977 0.04514 0.03465 0.11033 0.04849 0.10078 0.06037 0.00601 0.07299
0.05936 0.01057 0.02503 0.04408 0.05150 0.02242 0.08133 0.04730 0.04617 0.09353 0.02591 0.05207 0.01535 0.06817 0.03237 0.04774 0.10102 0.05925 0.04081 0.07601
0.07762 0.00608 0.04329 0.07556 0.01260 0.07470 0.02227 0.05249 0.10677 0.03416 0.01552 0.08435 0.03854 0.05322 0.09536 0.06050 0.07010 0.05850 0.00375 0.01462
0.06060 0.01087 0.02508 0.04422 0.06964 0.05611 0.01762 0.04875 0.04631 0.06493 0.02660 0.02952 0.03777 0.08657 0.03255 0.07819 0.09008 0.11387 0.03989 0.02083
0.10400 0.01033 0.02716 0.04781 0.02428 0.02323 0.01816 0.07925 0.08400 0.09073 0.02538 0.08291 0.02718 0.03643 0.03424 0.06789 0.04809 0.11001 0.00581 0.05311
0.06025 0.03947 0.01284 0.02317 0.08122 0.11127 0.01451 0.12264 0.02652 0.08547 0.03399 0.01949 0.01366 0.02155 0.05415 0.06377 0.04775 0.08065 0.06257 0.02505
0.06093 0.00559 0.09571 0.07880 0.01129 0.02758 0.02273 0.04954 0.07883 0.03109 0.01441 0.09307 0.01862 0.08170 0.06518 0.12052 0.05866 0.02870 0.04304 0.01401
0.10877 0.00780 0.07684 0.06301 0.04488 0.07432 0.02027 0.05255 0.08099 0.04531 0.01950 0.03835 0.01709 0.04550 0.04113 0.11067 0.05832 0.04230 0.03561 0.01679
0.05930 0.02470 0.03667 0.06397 0.01549 0.02543 0.02015 0.02815 0.06566 0.09234 0.01775 0.13019 0.10791 0.04607 0.07433 0.08726 0.04671 0.03811 0.00421 0.01561
0.09958 0.03691 0.03983 0.06955 0.01420 0.07348 0.02113 0.02545 0.09920 0.08572 0.01676 0.07210 0.01759 0.06139 0.04413 0.10461 0.06402 0.03515 0.00400 0.01519
0.05916 0.01172 0.02036 0.03610 0.02822 0.02122 0.01619 0.11106 0.06816 0.16724 0.02859 0.02546 0.04835 0.04243 0.02859 0.06669 0.06526 0.07465 0.00647 0.07405
0.05901 0.00495 0.06535 0.12565 0.00967 0.12770 0.03849 0.01632 0.14539 0.02714 0.02240 0.04608 0.01832 0.05517 0.04846 0.07246 0.04682 0.02495 0.00319 0.04247
0.05920 0.00628 0.05707 0.14810 0.01328 0.07251 0.02128 0.06262 0.07142 0.07496 0.03569 0.04207 0.01761 0.06201 0.04468 0.08639 0.07323 0.03306 0.00383 0.01471
0.05886 0.00892 0.04774 0.08360 0.02058 0.02352 0.03107 0.03837 0.05489 0.08440 0.06325 0.03367 0.09687 0.03962 0.03650 0.05099 0.04669 0.08730 0.00511 0.08804
0.07123 0.00830 0.04994 0.05772 0.01883 0.05543 0.01930 0.05701 0.07942 0.07596 0.02064 0.07630 0.01641 0.04218 0.03847 0.10108 0.04679 0.13278 0.01491 0.01732
0.05919 0.00589 0.07053 0.07360 0.01221 0.08922 0.02165 0.02146 0.07384 0.06297 0.01505 0.04326 0.01783 0.12401 0.06722 0.07843 0.04697 0.06010 0.00364 0.05293
0.05904 0.00622 0.04074 0.11822 0.01312 0.02601 0.06038 0.02331 0.07196 0.03525 0.02759 0.04211 0.01760 0.09698 0.07482 0.08734 0.04686 0.10391 0.03392 0.01462
0.05910 0.00717 0.05740 0.06520 0.03234 0.03716 0.03029 0.02857 0.06592 0.07152 0.01802 0.08658 0.01708 0.04670 0.08167 0.05559 0.10652 0.11305 0.00426 0.01586
0.05922 0.00600 0.08851 0.07290 0.01252 0.09216 0.02155 0.02209 0.10148 0.07339 0.01531 0.08172 0.01777 0.05133 0.04553 0.07027 0.06322 0.05748 0.03318 0.01435
0.05921 0.03664 0.06625 0.09125 0.02407 0.02584 0.02109 0.04118 0.10929 0.08409 0.01645 0.09095 0.01750 0.04944 0.04407 0.10400 0.04698 0.03437 0.00393 0.03339
0.10875 0.01098 0.02200 0.06228 0.05485 0.05237 0.01640 0.06768 0.09226 0.09866 0.06932 0.02664 0.01461 0.03075 0.02959 0.07566 0.04609 0.06201 0.03838 0.02072
0.08500 0.00675 0.03835 0.11410 0.01460 0.02531 0.02053 0.07604 0.06734 0.08377 0.01701 0.07922 0.05580 0.04758 0.04257 0.11455 0.05621 0.03599 0.00404 0.01523
0.05796 0.02174 0.06000 0.10914 0.01229 0.07781 0.02108 0.02169 0.07150 0.07882 0.02644 0.07116 0.01739 0.05834 0.04452 0.08282 0.07369 0.03077 0.00362 0.05922
0.10181 0.00485 0.11284 0.07711 0.00948 0.02640 0.04980 0.01603 0.07696 0.02659 0.01261 0.08841 0.02722 0.08845 0.05823 0.08194 0.04566 0.02445 0.02173 0.04943
0.06668 0.00496 0.04379 0.10117 0.00977 0.03740 0.02174 0.01662 0.09669 0.06414 0.01285 0.06298 0.03317 0.08276 0.07489 0.13929 0.04564 0.06948 0.00317 0.01280
0.05718 0.06188 0.03524 0.08986 0.01582 0.07062 0.04552 0.04050 0.06244 0.04143 0.01795 0.06663 0.01640 0.06249 0.03994 0.05324 0.10877 0.03863 0.01383 0.06162
0.05732 0.03480 0.04034 0.07044 0.01215 0.06647 0.02086 0.04893 0.10849 0.03284 0.01485 0.08631 0.04033 0.05776 0.11805 0.06629 0.04549 0.06079 0.00359 0.01390
0.05717 0.00701 0.06175 0.06260 0.01542 0.02431 0.01967 0.02805 0.06331 0.13227 0.01760 0.07626 0.03059 0.10064 0.04038 0.05358 0.09171 0.06882 0.03343 0.01543
0.06868 0.00541 0.06087 0.07336 0.01102 0.02586 0.04007 0.04741 0.10067 0.03019 0.01391 0.04290 0.07588 0.09575 0.05342 0.08652 0.04560 0.02789 0.04400 0.05058
0.07499 0.01418 0.01505 0.02702 0.07909 0.03289 0.02998 0.18416 0.04789 0.08616 0.04468 0.02165 0.01447 0.02418 0.02502 0.07797 0.04972 0.11781 0.00770 0.02541
0.10626 0.01121 0.02483 0.04384 0.02664 0.03254 0.01776 0.11115 0.08014 0.07827 0.02745 0.02947 0.07852 0.03418 0.04411 0.04869 0.04880 0.10584 0.00625 0.04404
0.06195 0.00564 0.06069 0.08708 0.01136 0.04009 0.05234 0.01958 0.08036 0.05154 0.02477 0.10349 0.01894 0.05616 0.08638 0.07142 0.07952 0.02890 0.00356 0.05623
0.06878 0.01645 0.04330 0.13972 0.01334 0.04999 0.05370 0.02359 0.09291 0.04740 0.01622 0.04458 0.01853 0.07386 0.04736 0.06102 0.07995 0.06064 0.00391 0.04476
0.09222 0.00630 0.05002 0.08403 0.01317 0.08194 0.02234 0.06364 0.12213 0.06666 0.01605 0.04442 0.01844 0.05314 0.06201 0.09149 0.06021 0.03295 0.00387 0.01499
0.06148 0.00509 0.08204 0.11656 0.00988 0.04027 0.02344 0.05615 0.10274 0.02782 0.01325 0.06262 0.02894 0.08817 0.05059 0.10988 0.07883 0.02556 0.00329 0.01341
0.06132 0.00537 0.05746 0.13692 0.01065 0.04495 0.03956 0.05355 0.10958 0.02961 0.02234 0.07731 0.03327 0.05643 0.06957 0.06273 0.04867 0.03706 0.02989 0.01375
0.06114 0.00699 0.04706 0.07014 0.01512 0.09496 0.03300 0.03291 0.07074 0.08597 0.01766 0.07330 0.03854 0.04993 0.07050 0.06896 0.04851 0.09450 0.00420 0.01585
0.06058 0.03833 0.01147 0.02083 0.07018 0.06165 0.01422 0.10485 0.05597 0.09508 0.04716 0.01841 0.03320 0.02018 0.02171 0.06063 0.04803 0.10078 0.04409 0.07265
0.07130 0.00699 0.04016 0.07018 0.05743 0.04052 0.02825 0.03291 0.11150 0.06068 0.01767 0.08394 0.01792 0.05472 0.07216 0.08994 0.05544 0.06821 0.00420 0.01586
0.06139 0.05582 0.04248 0.07518 0.01758 0.04897 0.02078 0.04404 0.10430 0.06692 0.01977 0.08103 0.01749 0.04678 0.07033 0.05663 0.04871 0.06138 0.04335 0.01706
0.09287 0.00806 0.04293 0.06287 0.01805 0.05172 0.02040 0.04208 0.09294 0.10358 0.02698 0.07882 0.04754 0.04553 0.04124 0.05564 0.05411 0.07534 0.00471 0.03457
0.08932 0.04987 0.01916 0.03127 0.03448 0.04384 0.01459 0.09776 0.02687 0.12076 0.09152 0.01969 0.01372 0.02181 0.03201 0.08686 0.04789 0.10653 0.02706 0.02497
0.06866 0.00591 0.08461 0.07679 0.01214 0.08918 0.04304 0.02122 0.07663 0.10388 0.01511 0.05639 0.01843 0.05899 0.04749 0.08533 0.08078 0.03736 0.00367 0.01439
0.07096 0.01685 0.07191 0.05745 0.05206 0.04189 0.01950 0.07869 0.07616 0.06603 0.02166 0.03574 0.01664 0.04219 0.07943 0.08133 0.08522 0.06324 0.00503 0.01802
0.09853 0.00514 0.04633 0.12926 0.01008 0.07727 0.02296 0.01707 0.12739 0.02823 0.02961 0.04686 0.02514 0.07600 0.08754 0.06227 0.05344 0.04019 0.00330 0.01337
0.06057 0.00561 0.06489 0.07792 0.01136 0.04248 0.02253 0.03370 0.08460 0.03123 0.04461 0.10161 0.04592 0.05454 0.06451 0.14519 0.04806 0.04317 0.00353 0.01399
0.06859 0.05695 0.11838 0.04026 0.04930 0.06503 0.03778 0.08028 0.04996 0.10186 0.02770 0.02755 0.01510 0.03181 0.03059 0.04655 0.04761 0.07126 0.01204 0.02140
0.06046 0.00677 0.06046 0.12028 0.02119 0.12346 0.05188 0.04644 0.07077 0.05309 0.05724 0.04185 0.01778 0.04992 0.05136 0.05823 0.04797 0.04124 0.00409 0.01549
0.05974 0.01377 0.03800 0.10594 0.03341 0.06449 0.02071 0.03397 0.06714 0.08988 0.01801 0.06485 0.01731 0.06820 0.06817 0.09641 0.04740 0.07244 0.00426 0.01591
0.05943 0.00530 0.05436 0.07774 0.01805 0.08266 0.02730 0.02223 0.15120 0.06566 0.01371 0.07884 0.03836 0.08335 0.04784 0.06055 0.04716 0.04942 0.00336 0.01346
0.06714 0.01252 0.01671 0.02982 0.03043 0.04603 0.01516 0.11042 0.03267 0.19813 0.03042 0.02239 0.01391 0.03780 0.06969 0.05056 0.05967 0.08890 0.00684 0.06079
0.11081 0.00519 0.04501 0.14181 0.03928 0.03529 0.02241 0.02165 0.09779 0.03264 0.01343 0.09450 0.03426 0.05475 0.09679 0.06082 0.04716 0.02981 0.00331 0.01331
0.06521 0.00756 0.05096 0.06360 0.01677 0.09270 0.04980 0.10118 0.06815 0.11113 0.01894 0.03857 0.03394 0.05613 0.05004 0.05521 0.05838 0.04088 0.00446 0.01642
0.05964 0.00759 0.04062 0.06351 0.01684 0.07172 0.02026 0.05122 0.10470 0.04401 0.03378 0.04639 0.03385 0.05442 0.04564 0.07637 0.09710 0.07825 0.03762 0.01646
0.10322 0.00798 0.03894 0.07128 0.08051 0.05597 0.01982 0.03871 0.09013 0.06066 0.02431 0.03716 0.01998 0.05413 0.03994 0.08942 0.04720 0.04351 0.00466 0.07245
0.05886 0.00541 0.04765 0.12712 0.01092 0.03401 0.02696 0.02296 0.08999 0.04465 0.01393 0.04435 0.07246 0.05761 0.06628 0.08096 0.07945 0.09949 0.00341 0.01353
0.05847 0.05204 0.04084 0.05784 0.03481 0.05445 0.01922 0.03402 0.05895 0.06921 0.02023 0.04309 0.01738 0.08585 0.11590 0.06124 0.06857 0.04448 0.03955 0.02384
0.06753 0.01403 0.07343 0.05710 0.01340 0.05387 0.02467 0.02969 0.06537 0.12955 0.09887 0.04925 0.02227 0.03827 0.05396 0.08848 0.05014 0.05127 0.00714 0.01171
0.08575 0.00453 0.05320 0.06963 0.02704 0.03750 0.02061 0.02837 0.08975 0.03902 0.00945 0.04404 0.05566 0.10578 0.06225 0.12735 0.08915 0.03024 0.00190 0.01879
0.08180 0.01062 0.04637 0.07514 0.01061 0.03273 0.01975 0.05348 0.10937 0.03992 0.02058 0.05430 0.01967 0.09003 0.08708 0.15585 0.04245 0.02971 0.00338 0.01715
0.04610 0.05871 0.06714 0.06246 0.01651 0.04319 0.03605 0.04401 0.07115 0.08689 0.00850 0.04293 0.06420 0.06500 0.07519 0.07411 0.06823 0.05017 0.00670 0.01275
0.06228 0.00762 0.04571 0.09251 0.01188 0.05874 0.01808 0.10196 0.06628 0.04401 0.05822 0.04437 0.06789 0.05051 0.06473 0.09702 0.04364 0.04271 0.00425 0.01760
0.04618 0.00474 0.08672 0.09895 0.01174 0.02969 0.01917 0.03793 0.06724 0.10375 0.01651 0.06265 0.02667 0.05297 0.12961 0.07132 0.04884 0.05053 0.01361 0.02119
0.06667 0.00552 0.09134 0.07679 0.01204 0.04007 0.03491 0.04418 0.06739 0.07504 0.01669 0.05902 0.01854 0.08126 0.09661 0.06144 0.07180 0.06242 0.00574 0.01253
0.10081 0.00476 0.05913 0.08024 0.02093 0.02641 0.01642 0.02851 0.06505 0.09926 0.01323 0.04131 0.05256 0.13264 0.04883 0.07601 0.07856 0.02705 0.00645 0.02184
0.12634 0.00470 0.05864 0.06692 0.01801 0.03513 0.01878 0.07177 0.05982 0.06132 0.03095 0.06376 0.02697 0.04402 0.05348 0.09782 0.05727 0.07417 0.00218 0.02795
0.08449 0.00897 0.05772 0.07117 0.05073 0.04440 0.04337 0.01566 0.06258 0.05107 0.01320 0.12460 0.04482 0.05334 0.06069 0.06686 0.06240 0.04918 0.00445 0.03032
0.04179 0.01128 0.05599 0.07781 0.03565 0.05207 0.01910 0.02738 0.06404 0.09570 0.01357 0.06390 0.04867 0.05811 0.06589 0.06376 0.11265 0.04341 0.00472 0.04450
0.06800 0.05099 0.03408 0.08350 0.01249 0.05343 0.03483 0.01903 0.07003 0.08216 0.01110 0.03891 0.03470 0.07075 0.09632 0.06819 0.05249 0.09177 0.00711 0.02012
0.06527 0.00972 0.07775 0.09773 0.01139 0.07049 0.01664 0.03340 0.06174 0.04972 0.01779 0.05620 0.07704 0.05688 0.09845 0.09683 0.05286 0.02447 0.00195 0.02369
0.12237 0.01511 0.03544 0.07961 0.01156 0.07385 0.01350 0.02858 0.06236 0.08967 0.01708 0.06491 0.03405 0.06236 0.05422 0.07605 0.06028 0.08421 0.00213 0.01268
0.05944 0.00299 0.05116 0.11301 0.01638 0.12041 0.03286 0.02984 0.07943 0.03942 0.01156 0.06053 0.02777 0.07954 0.04966 0.09106 0.06556 0.04772 0.00504 0.01662
0.06135 0.00680 0.04729 0.16128 0.01169 0.07266 0.02809 0.02469 0.08366 0.11135 0.01231 0.03307 0.03381 0.06514 0.06893 0.07543 0.05559 0.03547 0.00194 0.00945
0.12112 0.02947 0.05504 0.06011 0.02557 0.03805 0.04116 0.01571 0.06013 0.05705 0.01094 0.04158 0.05303 0.07114 0.03854 0.11077 0.07867 0.07472 0.00343 0.01381
0.07028 0.00318 0.04002 0.10856 0.03730 0.10673 0.02209 0.03159 0.07491 0.06760 0.01102 0.04603 0.03749 0.05468 0.04621 0.06651 0.07662 0.07859 0.00543 0.01515
0.04716 0.00575 0.04615 0.08192 0.01105 0.03209 0.06067 0.03665 0.07273 0.12844 0.01539 0.08214 0.02137 0.06213 0.06019 0.11906 0.05156 0.04956 0.00196 0.01402
0.06813 0.00596 0.04636 0.06620 0.01881 0.04402 0.03246 0.01927 0.10256 0.03080 0.01602 0.05494 0.04712 0.05585 0.05732 0.13979 0.06062 0.05704 0.01199 0.06472
0.04767 0.00996 0.03829 0.10564 0.03450 0.03393 0.01977 0.03496 0.08039 0.08446 0.01865 0.05942 0.05679 0.07251 0.06168 0.12741 0.05527 0.02844 0.00197 0.02829
0.06302 0.00459 0.07758 0.07183 0.02011 0.05702 0.02621 0.04598 0.09850 0.03100 0.01275 0.05129 0.03373 0.06402 0.05313 0.12779 0.09137 0.05296 0.00443 0.01267
0.10536 0.00451 0.05329 0.10303 0.01844 0.06495 0.02829 0.04219 0.07219 0.04175 0.02882 0.06312 0.04726 0.04527 0.04203 0.07787 0.07121 0.07143 0.00595 0.01302
0.10612 0.00424 0.05986 0.06543 0.01772 0.07461 0.02333 0.03302 0.07119 0.05480 0.01639 0.04248 0.03447 0.06424 0.05108 0.12379 0.09414 0.04258 0.00317 0.01734
0.05921 0.01027 0.03680 0.08957 0.02831 0.06219 0.03025 0.02994 0.06807 0.09521 0.01797 0.04168 0.04969 0.04022 0.06315 0.12474 0.09279 0.02606 0.00636 0.02752
0.09758 0.05527 0.04774 0.09818 0.01937 0.05832 0.02374 0.04745 0.05966 0.06284 0.03243 0.03991 0.04144 0.04230 0.04952 0.06702 0.09038 0.04249 0.00808 0.01629
0.09765 0.00803 0.03986 0.05513 0.01591 0.04201 0.02406 0.04633 0.07089 0.06391 0.02272 0.03281 0.05480 0.03957 0.06984 0.11149 0.06642 0.11040 0.00228 0.02587
0.09904 0.02673 0.04693 0.06275 0.02871 0.03732 0.01747 0.03360 0.10487 0.03432 0.01372 0.06225 0.07130 0.07087 0.05639 0.08415 0.06869 0.05529 0.00327 0.02233
0.09270 0.00784 0.08067 0.09047 0.00839 0.03606 0.02830 0.01911 0.05743 0.05713 0.03395 0.04573 0.04881 0.06172 0.05194 0.14346 0.05887 0.03554 0.00327 0.03860
0.06081 0.02457 0.03744 0.07595 0.01357 0.03870 0.01990 0.06656 0.07262 0.04763 0.00935 0.04570 0.02231 0.09089 0.04911 0.13973 0.11312 0.05739 0.00388 0.01080
0.07895 0.00422 0.04916 0.08255 0.00947 0.03311 0.02197 0.02103 0.06531 0.08352 0.01050 0.04343 0.02547 0.07824 0.08013 0.12285 0.07014 0.04636 0.00421 0.06941
0.09364 0.00314 0.05919 0.07808 0.01414 0.02573 0.01756 0.08540 0.06328 0.06001 0.01168 0.04989 0.09086 0.04185 0.07158 0.08397 0.05847 0.05910 0.00199 0.03045
0.06193 0.01733 0.06033 0.10528 0.03914 0.02256 0.02560 0.03655 0.05536 0.07509 0.00936 0.04701 0.03595 0.05365 0.04561 0.10845 0.06925 0.10475 0.00486 0.02195
0.05373 0.00628 0.05106 0.08959 0.01240 0.05392 0.05343 0.02194 0.07031 0.07437 0.00982 0.05974 0.03998 0.05963 0.07177 0.11174 0.06611 0.02557 0.00316 0.06543
0.05903 0.02142 0.05569 0.08135 0.01224 0.04100 0.03770 0.01923 0.09316 0.06518 0.01020 0.04519 0.04120 0.06991 0.08000 0.07193 0.08723 0.07886 0.00340 0.02606
0.08117 0.02861 0.04553 0.07906 0.01578 0.11097 0.02903 0.02948 0.07531 0.04342 0.01940 0.04221 0.03599 0.06646 0.06667 0.11893 0.05983 0.02867 0.00206 0.02142
0.11320 0.00332 0.04518 0.07063 0.00989 0.03742 0.01833 0.02812 0.07277 0.05127 0.01425 0.04669 0.05408 0.06787 0.04221 0.12816 0.07107 0.10116 0.00514 0.01924
0.07101 0.01052 0.04704 0.07721 0.01122 0.02846 0.02456 0.06221 0.07151 0.08423 0.02206 0.03432 0.03032 0.07186 0.08979 0.08885 0.08056 0.07539 0.00621 0.01268
0.06014 0.00318 0.05762 0.06806 0.01297 0.11073 0.03370 0.02682 0.06683 0.05482 0.02506 0.06824 0.03195 0.11093 0.06867 0.06444 0.06412 0.04859 0.00789 0.01524
0.07168 0.00376 0.06078 0.09130 0.04500 0.03972 0.01789 0.02302 0.07620 0.10677 0.01094 0.03549 0.03961 0.04769 0.04262 0.08849 0.04055 0.10494 0.01353 0.04000
0.08414 0.03541 0.03580 0.08664 0.02107 0.05313 0.02336 0.01622 0.07284 0.07036 0.01673 0.06197 0.02768 0.06186 0.05324 0.14006 0.08359 0.03254 0.00422 0.01913
0.06131 0.00714 0.03908 0.10289 0.02399 0.03765 0.01777 0.05122 0.07008 0.04580 0.01252 0.06990 0.10502 0.06388 0.05558 0.10979 0.06035 0.04573 0.00666 0.01365
0.08142 0.01391 0.03843 0.07945 0.05401 0.06397 0.02656 0.02732 0.06168 0.05541 0.02301 0.03722 0.10371 0.07944 0.05318 0.08160 0.04348 0.05659 0.00378 0.01582
0.09005 0.02286 0.03984 0.08459 0.03020 0.08632 0.04412 0.03039 0.05388 0.04693 0.01487 0.04868 0.03283 0.06108 0.04467 0.08109 0.06040 0.06940 0.00638 0.05143
0.11874 0.02329 0.03709 0.07042 0.01787 0.03905 0.04199 0.02413 0.09585 0.05621 0.01188 0.03929 0.04292 0.07185 0.07739 0.08922 0.06160 0.03696 0.01320 0.03105
0.08102 0.01098 0.04583 0.05319 0.01043 0.03288 0.02103 0.07337 0.07025 0.05400 0.01368 0.04756 0.05157 0.08765 0.06144 0.15029 0.06672 0.03681 0.00360 0.02769
0.05287 0.01056 0.06859 0.07675 0.03119 0.05672 0.04090 0.06439 0.06337 0.08471 0.02117 0.05139 0.05472 0.05259 0.05691 0.07112 0.05799 0.04864 0.00386 0.03155
0.09754 0.01326 0.05403 0.07537 0.02344 0.02805 0.03389 0.03713 0.06807 0.10403 0.01424 0.04090 0.03710 0.05541 0.06679 0.11927 0.05984 0.04158 0.00605 0.02402
0.05767 0.00816 0.04906 0.06997 0.02191 0.10124 0.02053 0.05003 0.05829 0.08689 0.02138 0.02751 0.04935 0.05488 0.08028 0.11491 0.04745 0.05619 0.00901 0.01530
0.06518 0.00672 0.04888 0.06908 0.01220 0.04151 0.02316 0.02183 0.08148 0.07016 0.01545 0.08426 0.02755 0.07042 0.13678 0.10354 0.06490 0.02664 0.00478 0.02546
0.05149 0.01206 0.04533 0.07629 0.01098 0.10107 0.04620 0.04041 0.08570 0.03445 0.01160 0.07644 0.06075 0.05505 0.04354 0.08339 0.09423 0.04584 0.00346 0.02170
0.07959 0.02000 0.05365 0.06726 0.05281 0.08359 0.02569 0.03664 0.06130 0.04664 0.01249 0.03678 0.05269 0.04949 0.09293 0.10876 0.05250 0.04499 0.00235 0.01986
0.06227 0.02426 0.04547 0.06837 0.02369 0.11965 0.02391 0.02321 0.07353 0.03863 0.01571 0.07113 0.03246 0.06803 0.04422 0.10527 0.08118 0.05225 0.00363 0.02313
0.10844 0.00924 0.04147 0.08363 0.01509 0.09069 0.01706 0.04453 0.08893 0.06296 0.01705 0.04511 0.04083 0.06087 0.05866 0.08160 0.05088 0.06102 0.00344 0.01850
0.09425 0.00599 0.05364 0.07394 0.01260 0.03456 0.02823 0.02758 0.06824 0.06772 0.01197 0.05142 0.03115 0.05468 0.06716 0.18605 0.07204 0.04650 0.00217 0.01012
0.07947 0.01554 0.03094 0.05222 0.03672 0.04162 0.01525 0.03988 0.05838 0.06032 0.04283 0.04665 0.03079 0.04462 0.06258 0.11295 0.15426 0.04805 0.00955 0.01739
0.08309 0.00456 0.03663 0.09546 0.01827 0.05852 0.03343 0.02671 0.08626 0.04719 0.00988 0.04569 0.07901 0.06905 0.09271 0.09261 0.05333 0.03540 0.00217 0.03004
0.09633 0.04422 0.06021 0.08273 0.01273 0.03123 0.03305 0.03532 0.11338 0.03399 0.00877 0.08786 0.03773 0.05365 0.06178 0.08574 0.05708 0.03837 0.00428 0.02157
0.05855 0.01467 0.03573 0.10282 0.02690 0.03577 0.01432 0.04054 0.05815 0.05139 0.01111 0.05328 0.03309 0.04425 0.04347 0.15154 0.08303 0.11742 0.00431 0.01965
0.07295 0.01230 0.05967 0.12803 0.02572 0.03117 0.01915 0.05180 0.06124 0.08075 0.01131 0.03490 0.04910 0.07091 0.04628 0.07403 0.11167 0.03697 0.00665 0.01540
0.06674 0.01081 0.07918 0.06478 0.01455 0.07977 0.01913 0.03009 0.07847 0.04048 0.02451 0.03789 0.04274 0.08614 0.10292 0.07975 0.09040 0.02978 0.00372 0.01814
0.05920 0.00374 0.05703 0.06205 0.01443 0.05662 0.01943 0.05151 0.07382 0.04119 0.04743 0.05925 0.05636 0.05489 0.06554 0.15417 0.05977 0.04025 0.00532 0.01799
0.04755 0.01518 0.04189 0.07796 0.01794 0.04836 0.02164 0.02927 0.08505 0.06172 0.02508 0.08728 0.05083 0.05650 0.05697 0.13034 0.07241 0.04740 0.01124 0.01539
0.06478 0.00363 0.04488 0.08271 0.04806 0.05109 0.09003 0.01848 0.07333 0.05633 0.01092 0.05080 0.05627 0.06299 0.05753 0.09526 0.05777 0.05275 0.00594 0.01643
0.05800 0.01343 0.06428 0.06769 0.01465 0.03833 0.01564 0.01516 0.07066 0.06526 0.01566 0.09531 0.07542 0.05531 0.04701 0.08565 0.06987 0.08480 0.02088 0.02699
0.09077 0.00737 0.06443 0.09215 0.03368 0.02940 0.01822 0.03327 0.08199 0.03958 0.02611 0.05129 0.04012 0.05181 0.06014 0.15089 0.04529 0.06429 0.00238 0.01681
0.09606 0.00374 0.03841 0.11601 0.01786 0.06242 0.02052 0.03045 0.08629 0.06427 0.00968 0.10481 0.02347 0.04404 0.05827 0.06537 0.06943 0.05153 0.01075 0.02663
0.08165 0.02006 0.04878 0.06413 0.02929 0.07981 0.06372 0.06211 0.06971 0.04661 0.01314 0.04197 0.02534 0.07007 0.07324 0.11419 0.04360 0.03549 0.00246 0.01464
0.05963 0.00819 0.04574 0.07826 0.01641 0.11052 0.01890 0.02661 0.08074 0.05325 0.01343 0.04035 0.09048 0.06899 0.08335 0.06981 0.04864 0.03513 0.00733 0.04426
0.06476 0.02089 0.06685 0.06566 0.02190 0.07982 0.01867 0.02060 0.08035 0.09738 0.01727 0.03668 0.07137 0.07933 0.06605 0.07875 0.04884 0.04719 0.00280 0.01483
0.06799 0.00402 0.06950 0.07345 0.01317 0.08687 0.03256 0.01511 0.07281 0.05175 0.02132 0.05871 0.02705 0.08241 0.04694 0.12529 0.04978 0.06732 0.00440 0.02955
0.10224 0.01063 0.07318 0.07582 0.01306 0.06001 0.06000 0.02956 0.06929 0.09032 0.01565 0.04267 0.01607 0.04530 0.05015 0.12909 0.05280 0.04599 0.00556 0.01261
0.06310 0.00873 0.04618 0.06968 0.01623 0.05281 0.02146 0.01881 0.07916 0.04453 0.01780 0.05781 0.03675 0.06674 0.04266 0.19949 0.06918 0.07346 0.00466 0.01076
0.05650 0.00589 0.04843 0.07981 0.01498 0.04366 0.02732 0.02028 0.09293 0.08890 0.01300 0.03824 0.07738 0.06549 0.07679 0.13293 0.05224 0.04187 0.00259 0.02077
0.09955 0.00420 0.03942 0.06860 0.01006 0.05735 0.02000 0.03410 0.07116 0.04285 0.01448 0.07313 0.03992 0.08191 0.08808 0.11078 0.04704 0.05182 0.00267 0.04290
0.06227 0.06144 0.05786 0.08595 0.03120 0.04180 0.03146 0.05158 0.06100 0.05951 0.01645 0.03991 0.02225 0.04444 0.05627 0.06924 0.06971 0.09663 0.00339 0.03765
0.12471 0.00940 0.05065 0.07649 0.01153 0.02503 0.02612 0.02460 0.07965 0.08099 0.01173 0.04551 0.04849 0.05471 0.06777 0.09289 0.07314 0.06372 0.01807 0.01481
0.05226 0.00647 0.05094 0.09751 0.06467 0.03859 0.02634 0.03373 0.08198 0.08886 0.03367 0.08362 0.03899 0.06034 0.05893 0.07117 0.06696 0.02711 0.00282 0.01505
0.07262 0.03039 0.04378 0.08437 0.02269 0.05077 0.02662 0.03303 0.07218 0.07471 0.01540 0.05148 0.03609 0.08808 0.05232 0.10390 0.06367 0.06153 0.00295 0.01342
0.07456 0.00482 0.04614 0.09090 0.02217 0.04355 0.02161 0.04187 0.08352 0.05398 0.01241 0.05823 0.06071 0.05421 0.09265 0.10049 0.04979 0.07085 0.00554 0.01201
0.10088 0.00433 0.08859 0.10262 0.01062 0.04546 0.01985 0.02703 0.08543 0.03483 0.01394 0.05326 0.06352 0.04885 0.06441 0.11390 0.05706 0.02176 0.00279 0.04087
0.07772 0.00540 0.07802 0.09268 0.02141 0.05024 0.01878 0.02704 0.06558 0.06774 0.05982 0.04706 0.02788 0.05931 0.05167 0.07290 0.06869 0.08808 0.00331 0.01665
0.05806 0.00467 0.04261 0.09423 0.01190 0.04165 0.02368 0.05487 0.09533 0.09908 0.01660 0.07740 0.02300 0.08585 0.08914 0.07820 0.05661 0.02941 0.00583 0.01189
0.06004 0.00918 0.08091 0.09005 0.00876 0.03215 0.03215 0.02971 0.07607 0.03029 0.02069 0.05182 0.02009 0.12316 0.09863 0.10693 0.05542 0.04382 0.00850 0.02162
0.09134 0.00846 0.05467 0.07527 0.02095 0.07593 0.02139 0.02461 0.07014 0.06378 0.02429 0.06595 0.03685 0.04780 0.04533 0.07973 0.08483 0.07271 0.01122 0.02475
0.10020 0.00486 0.07879 0.08562 0.01376 0.02406 0.02683 0.03686 0.07498 0.04003 0.01710 0.04014 0.02795 0.05936 0.09724 0.13374 0.07216 0.04072 0.01109 0.01452
0.06910 0.04367 0.04411 0.07161 0.03541 0.04075 0.02427 0.02704 0.06664 0.03967 0.01773 0.08084 0.08032 0.04613 0.05140 0.12209 0.05372 0.03516 0.03062 0.01972
0.08510 0.00755 0.05187 0.09494 0.02101 0.02417 0.01995 0.03192 0.12298 0.06486 0.01237 0.06624 0.06579 0.05090 0.06466 0.09074 0.06251 0.03979 0.00303 0.01962
0.09589 0.00452 0.07537 0.10055 0.00886 0.03548 0.04210 0.02973 0.09768 0.06243 0.01977 0.04853 0.03921 0.05152 0.05070 0.14314 0.05008 0.02519 0.00745 0.01178
0.09049 0.01995 0.03664 0.05418 0.03210 0.07413 0.02236 0.07234 0.04445 0.08647 0.03128 0.02793 0.06698 0.03868 0.03600 0.09552 0.04720 0.07545 0.00519 0.04267
0.05937 0.01286 0.03874 0.08506 0.01575 0.05636 0.02310 0.02762 0.07468 0.03703 0.01732 0.04774 0.04632 0.05249 0.12936 0.11962 0.07727 0.03850 0.02462 0.01620
0.06505 0.00528 0.04993 0.09044 0.01064 0.07424 0.04480 0.03126 0.08348 0.05913 0.01742 0.05230 0.02539 0.07419 0.04926 0.08206 0.12157 0.04696 0.00333 0.01326
0.08090 0.00620 0.03684 0.08357 0.01643 0.05099 0.01960 0.02869 0.06787 0.06173 0.02350 0.04235 0.06182 0.05741 0.07432 0.10081 0.07637 0.08770 0.00374 0.01917
0.07822 0.00629 0.03647 0.07213 0.04920 0.04659 0.02662 0.02820 0.07168 0.05062 0.02014 0.05941 0.05948 0.05035 0.06072 0.11533 0.07459 0.06601 0.00379 0.02415
0.07165 0.00900 0.04141 0.08578 0.01718 0.07869 0.02563 0.04345 0.07510 0.03494 0.01842 0.04632 0.03317 0.04641 0.05220 0.12893 0.09340 0.04085 0.01356 0.04391
0.11814 0.00479 0.05335 0.13835 0.01826 0.04281 0.02689 0.02610 0.09250 0.03099 0.01244 0.05590 0.03175 0.05432 0.09712 0.06037 0.05407 0.04822 0.00307 0.03056
0.09975 0.00510 0.05623 0.10787 0.01025 0.02542 0.02097 0.02526 0.07762 0.08929 0.02785 0.09165 0.05047 0.05094 0.05039 0.10661 0.05952 0.02609 0.00322 0.01551
0.07274 0.00544 0.05084 0.11136 0.01674 0.03204 0.02289 0.05668 0.08059 0.04180 0.01979 0.04701 0.05127 0.05214 0.04773 0.12630 0.10340 0.04463 0.00338 0.01326
0.10327 0.00545 0.04397 0.09564 0.01123 0.02501 0.02056 0.02731 0.08107 0.09062 0.01396 0.05894 0.01691 0.04935 0.08715 0.08340 0.13128 0.03246 0.00339 0.01902
0.08292 0.07073 0.04258 0.11416 0.01062 0.03676 0.02142 0.01832 0.08356 0.04119 0.01356 0.05144 0.08258 0.06224 0.06532 0.08679 0.06805 0.03125 0.00332 0.01319
0.10883 0.00587 0.04042 0.11525 0.02071 0.06246 0.02592 0.05143 0.08502 0.06849 0.01496 0.04867 0.04082 0.04974 0.05823 0.06582 0.08906 0.03068 0.00361 0.01399
0.08938 0.00488 0.07138 0.12263 0.00955 0.04409 0.02566 0.02107 0.08363 0.08873 0.01268 0.04474 0.03181 0.06180 0.07320 0.08827 0.08102 0.02462 0.00313 0.01772
0.08543 0.00532 0.04549 0.07447 0.01077 0.05531 0.02699 0.02066 0.13366 0.06654 0.02352 0.05886 0.02262 0.10087 0.06015 0.07145 0.04584 0.07537 0.00335 0.01331
0.06183 0.00481 0.07453 0.13928 0.00935 0.02659 0.02203 0.02564 0.09644 0.02631 0.01253 0.05054 0.06631 0.06112 0.08168 0.10180 0.06348 0.03279 0.00718 0.03575
0.13594 0.01057 0.08325 0.09048 0.01020 0.05813 0.02172 0.01746 0.07583 0.03645 0.01324 0.07109 0.02272 0.05784 0.05093 0.11144 0.06762 0.03102 0.02103 0.01304
0.08065 0.02104 0.07243 0.07325 0.01126 0.02994 0.02133 0.06859 0.07337 0.03490 0.01412 0.05494 0.07529 0.08762 0.09463 0.07020 0.06603 0.03344 0.00344 0.01353
0.08456 0.00500 0.04898 0.12427 0.01481 0.03066 0.02183 0.01680 0.12523 0.07503 0.01701 0.07461 0.07309 0.05837 0.04698 0.06356 0.07368 0.02944 0.00319 0.01289
0.06908 0.03200 0.05144 0.09516 0.01194 0.03001 0.02107 0.02099 0.07775 0.03236 0.01470 0.04719 0.01736 0.10968 0.04462 0.11848 0.11225 0.06640 0.01365 0.01385
0.10660 0.00547 0.04624 0.07347 0.01117 0.09028 0.05272 0.02946 0.07358 0.03056 0.01405 0.05356 0.08195 0.05649 0.07577 0.08575 0.04581 0.03416 0.00751 0.02540
0.05899 0.03945 0.07872 0.10750 0.00996 0.02698 0.02232 0.02196 0.11493 0.04691 0.01313 0.05544 0.02418 0.06387 0.09245 0.07106 0.07921 0.02561 0.00324 0.04409
0.07727 0.05335 0.02117 0.05391 0.03424 0.02132 0.02443 0.05855 0.03983 0.11078 0.05185 0.04798 0.06554 0.02999 0.04066 0.06367 0.07222 0.09967 0.00631 0.02726
0.08683 0.01157 0.02087 0.05368 0.06305 0.02132 0.06490 0.08095 0.05336 0.06963 0.04031 0.03276 0.06587 0.03440 0.02889 0.04481 0.04687 0.09125 0.04294 0.04574
0.07047 0.00598 0.04255 0.07413 0.01234 0.08406 0.02182 0.03913 0.07442 0.03345 0.01520 0.07117 0.02330 0.07837 0.05887 0.17639 0.04747 0.05287 0.00368 0.01432
0.12101 0.01174 0.06377 0.07634 0.01222 0.06563 0.04996 0.03235 0.07651 0.03325 0.01519 0.04478 0.04558 0.05363 0.05803 0.10858 0.07162 0.03077 0.00368 0.02537
0.06024 0.02087 0.08234 0.09968 0.01018 0.04923 0.02279 0.05467 0.08000 0.02843 0.01341 0.06929 0.05614 0.07375 0.05940 0.12280 0.05391 0.02617 0.00331 0.01338
0.06046 0.00588 0.05301 0.11405 0.01831 0.04880 0.05402 0.04104 0.07618 0.07166 0.02031 0.05546 0.02362 0.05338 0.06509 0.12980 0.04798 0.03047 0.00365 0.02681
0.07362 0.00745 0.03789 0.06626 0.03344 0.06524 0.02084 0.02982 0.06704 0.04300 0.05822 0.06663 0.02511 0.04754 0.09075 0.10790 0.08311 0.04008 0.00441 0.03166
0.08859 0.05327 0.05307 0.10564 0.01975 0.02676 0.02190 0.03345 0.10456 0.03611 0.03830 0.08784 0.02344 0.05183 0.04606 0.06703 0.08443 0.03910 0.00390 0.01500
0.10881 0.00767 0.03706 0.07632 0.04351 0.03204 0.02063 0.03106 0.06566 0.05212 0.01921 0.07898 0.04174 0.05763 0.04207 0.11889 0.04809 0.07462 0.00452 0.03938
0.06130 0.00839 0.04675 0.12544 0.04019 0.02529 0.02027 0.07017 0.06259 0.09842 0.02091 0.04567 0.04065 0.05599 0.04685 0.05532 0.07342 0.07982 0.00488 0.01769
0.06216 0.00588 0.04541 0.10309 0.01199 0.02796 0.02304 0.03168 0.08550 0.04042 0.01511 0.06682 0.01890 0.10315 0.05901 0.15805 0.04934 0.04155 0.00368 0.04726
0.08751 0.00767 0.06055 0.06824 0.01683 0.02660 0.02144 0.04243 0.06895 0.07848 0.01921 0.04118 0.09129 0.05909 0.04398 0.13511 0.04954 0.06053 0.00453 0.01684
0.12507 0.04419 0.05098 0.06898 0.02572 0.02704 0.02184 0.03218 0.10480 0.05816 0.02002 0.04172 0.01834 0.09140 0.04469 0.08502 0.05070 0.06699 0.00472 0.01744
0.08689 0.00684 0.05385 0.09967 0.01452 0.02804 0.05829 0.02588 0.11763 0.05587 0.03454 0.04520 0.01898 0.05401 0.04812 0.06232 0.08350 0.08570 0.00417 0.01597
0.06337 0.00652 0.07729 0.11942 0.01368 0.03625 0.02300 0.04785 0.07749 0.12159 0.01660 0.07320 0.01903 0.05458 0.04827 0.07277 0.07544 0.03418 0.00400 0.01548
0.06372 0.04064 0.08142 0.09407 0.01164 0.02894 0.04685 0.02005 0.08280 0.04364 0.01492 0.04834 0.02952 0.15476 0.05105 0.06469 0.07508 0.02963 0.00365 0.01457
0.07621 0.00873 0.03623 0.06325 0.01921 0.08825 0.02082 0.03544 0.06448 0.08768 0.02126 0.05744 0.01789 0.04603 0.05449 0.08690 0.12090 0.07179 0.00497 0.01802
0.06860 0.00528 0.14553 0.11950 0.01051 0.02860 0.02304 0.01801 0.08034 0.08010 0.01359 0.04814 0.01891 0.05592 0.13093 0.06166 0.04751 0.02689 0.00337 0.01356
0.06457 0.00557 0.05044 0.15247 0.01098 0.04740 0.02455 0.01869 0.09831 0.03068 0.01443 0.07580 0.07090 0.07159 0.06359 0.06634 0.05123 0.06449 0.00357 0.01439
0.06397 0.00870 0.03700 0.07540 0.01958 0.02651 0.02129 0.06638 0.09109 0.10063 0.02168 0.08292 0.09675 0.04711 0.04329 0.05788 0.05076 0.06561 0.00507 0.01839
0.11873 0.01110 0.02829 0.07712 0.02616 0.02453 0.01914 0.06183 0.05194 0.12930 0.02727 0.03270 0.01676 0.03812 0.04709 0.09723 0.05103 0.07507 0.00623 0.06037
0.13171 0.04316 0.01713 0.03059 0.07545 0.08005 0.01626 0.06547 0.03374 0.09790 0.03392 0.02360 0.01512 0.02649 0.02691 0.09310 0.05096 0.09368 0.00762 0.03715
0.07559 0.00665 0.04426 0.11905 0.01396 0.10026 0.02316 0.02480 0.07917 0.07263 0.04084 0.04570 0.01906 0.06642 0.10075 0.06250 0.05053 0.03487 0.00409 0.01570
0.06395 0.00851 0.03745 0.06554 0.01898 0.02669 0.02142 0.03495 0.06766 0.08563 0.06449 0.07770 0.10789 0.04773 0.07048 0.06906 0.06266 0.04615 0.00497 0.01808
0.06356 0.00604 0.04650 0.08095 0.01221 0.05409 0.02366 0.02127 0.16002 0.03356 0.01542 0.04747 0.06990 0.05707 0.06323 0.09869 0.06076 0.03095 0.00377 0.05087
0.06381 0.00746 0.06784 0.07257 0.05879 0.07923 0.02237 0.02925 0.07324 0.09007 0.01877 0.05564 0.01866 0.05161 0.11821 0.06074 0.05059 0.03982 0.00448 0.01685
0.11585 0.00602 0.04683 0.08082 0.01172 0.04139 0.02339 0.02029 0.18423 0.03225 0.01491 0.07349 0.05642 0.05656 0.05062 0.06438 0.06096 0.04177 0.00365 0.01444
0.06409 0.00763 0.04097 0.07159 0.02827 0.06415 0.02231 0.03006 0.11890 0.11027 0.01915 0.04304 0.04441 0.05133 0.05872 0.11201 0.05083 0.04075 0.00455 0.01697
0.08914 0.00912 0.04646 0.06249 0.02068 0.02632 0.02096 0.07584 0.07613 0.10147 0.02262 0.03872 0.04424 0.04570 0.04174 0.10986 0.09430 0.05000 0.00526 0.01894
0.10736 0.04492 0.01716 0.03060 0.07677 0.02278 0.01651 0.06704 0.03386 0.08664 0.03467 0.02389 0.01549 0.02666 0.02718 0.08983 0.11288 0.08200 0.00782 0.07594
0.09407 0.07128 0.02361 0.04176 0.03092 0.02417 0.01831 0.05893 0.05651 0.11761 0.03142 0.02920 0.04578 0.03352 0.03267 0.08530 0.05267 0.07302 0.00712 0.07213
0.13449 0.01307 0.02027 0.03534 0.02897 0.02425 0.01607 0.06564 0.03803 0.10777 0.02976 0.02601 0.05630 0.02883 0.02852 0.04902 0.08498 0.18436 0.00650 0.02182
0.06620 0.00865 0.03908 0.06726 0.01832 0.06355 0.02180 0.03372 0.11935 0.13523 0.02061 0.04147 0.01875 0.04890 0.04633 0.10147 0.08156 0.04513 0.00487 0.01776
0.06642 0.04790 0.02651 0.04666 0.02821 0.02502 0.01886 0.05510 0.04986 0.11423 0.02922 0.03153 0.09517 0.09695 0.03546 0.05261 0.05227 0.09893 0.00658 0.02251
0.06597 0.00763 0.04345 0.07483 0.01616 0.02891 0.02306 0.02902 0.11558 0.04275 0.01880 0.04498 0.07552 0.05340 0.04932 0.10924 0.08023 0.03985 0.00451 0.07679
0.11936 0.00698 0.04657 0.13209 0.02985 0.02950 0.02407 0.02608 0.11762 0.05562 0.01771 0.04775 0.01991 0.05696 0.05097 0.10880 0.05282 0.03664 0.00427 0.01642
0.06230 0.01381 0.01653 0.02946 0.03384 0.02087 0.01543 0.14297 0.03272 0.09217 0.07937 0.02254 0.01449 0.07900 0.02603 0.04281 0.08195 0.16240 0.00727 0.02404
0.08888 0.06614 0.00882 0.01573 0.03327 0.01596 0.01073 0.16452 0.01843 0.26865 0.03548 0.01423 0.01120 0.01548 0.01675 0.03133 0.04123 0.11646 0.00633 0.02040
0.06571 0.00701 0.04631 0.07878 0.01441 0.02949 0.02348 0.02561 0.07962 0.07738 0.01731 0.08018 0.01962 0.11153 0.05040 0.13693 0.07996 0.03605 0.00418 0.01603
0.06395 0.00640 0.09961 0.11052 0.01320 0.08771 0.02345 0.06315 0.07803 0.03568 0.01608 0.04875 0.01963 0.05567 0.04822 0.06376 0.11376 0.03329 0.00390 0.01526
0.06308 0.00589 0.05160 0.16583 0.01204 0.02998 0.02479 0.02046 0.09045 0.03297 0.01506 0.08128 0.01995 0.05964 0.12085 0.06422 0.05020 0.02992 0.00383 0.05796
