602
1
0 1.0
20
0.07879 0.01516 0.05352 0.06683 0.03971 0.06951 0.02292 0.05901 0.05944 0.09637 0.02377 0.04144 0.04829 0.03956 0.05410 0.06834 0.05407 0.06734 0.01141 0.03041
0.05770 0.00713 0.32194 0.10324 0.01350 0.04437 0.02180 0.02098 0.05574 0.03021 0.01133 0.05974 0.02330 0.04646 0.03405 0.05876 0.04116 0.02961 0.00409 0.01489
0.04534 0.01070 0.01741 0.02366 0.28299 0.02225 0.02169 0.07140 0.02585 0.12951 0.03358 0.02087 0.01396 0.02101 0.02218 0.03448 0.03348 0.07287 0.01609 0.08069
0.05770 0.00713 0.32194 0.10324 0.01350 0.04437 0.02180 0.02098 0.05574 0.03021 0.01133 0.05974 0.02330 0.04646 0.03405 0.05876 0.04116 0.02961 0.00409 0.01489
0.04679 0.00999 0.02619 0.03503 0.09828 0.02534 0.02810 0.04546 0.04024 0.07588 0.02278 0.02832 0.01568 0.02868 0.03264 0.04033 0.03510 0.05204 0.01913 0.29399
0.04679 0.00999 0.02619 0.03503 0.09828 0.02534 0.02810 0.04546 0.04024 0.07588 0.02278 0.02832 0.01568 0.02868 0.03264 0.04033 0.03510 0.05204 0.01913 0.29399
0.05719 0.00910 0.03547 0.05578 0.01795 0.03445 0.02369 0.02853 0.10997 0.04515 0.01646 0.03863 0.02060 0.05107 0.29889 0.05207 0.04329 0.03733 0.00574 0.01865
0.04679 0.00999 0.02619 0.03503 0.09828 0.02534 0.02810 0.04546 0.04024 0.07588 0.02278 0.02832 0.01568 0.02868 0.03264 0.04033 0.03510 0.05204 0.01913 0.29399
0.07285 0.01003 0.07060 0.08004 0.01935 0.04509 0.02178 0.02648 0.06575 0.03704 0.01418 0.24112 0.02359 0.04487 0.04652 0.06756 0.04981 0.03810 0.00516 0.02011
0.05756 0.00821 0.04872 0.06884 0.01565 0.03497 0.02477 0.02789 0.28905 0.04170 0.01574 0.04485 0.02091 0.05494 0.08835 0.05452 0.04410 0.03700 0.00513 0.01712
0.09539 0.01511 0.03627 0.04646 0.02112 0.04810 0.01665 0.05137 0.04933 0.05863 0.02023 0.03700 0.02400 0.03296 0.03796 0.07807 0.24073 0.06868 0.00495 0.01698
0.09539 0.01511 0.03627 0.04646 0.02112 0.04810 0.01665 0.05137 0.04933 0.05863 0.02023 0.03700 0.02400 0.03296 0.03796 0.07807 0.24073 0.06868 0.00495 0.01698
0.05673 0.01177 0.02012 0.03038 0.04243 0.02394 0.01411 0.09801 0.03810 0.16862 0.18924 0.02267 0.01505 0.02570 0.03057 0.04067 0.04182 0.09909 0.00688 0.02407
0.04940 0.01096 0.01889 0.02694 0.04535 0.02228 0.01340 0.10049 0.03395 0.34568 0.04203 0.02021 0.01403 0.02273 0.02791 0.03447 0.03649 0.10038 0.00732 0.02710
0.05770 0.00713 0.32194 0.10324 0.01350 0.04437 0.02180 0.02098 0.05574 0.03021 0.01133 0.05974 0.02330 0.04646 0.03405 0.05876 0.04116 0.02961 0.00409 0.01489
0.05363 0.01241 0.01606 0.02359 0.03730 0.02004 0.01107 0.28260 0.02810 0.14808 0.03867 0.01811 0.01279 0.01949 0.02273 0.03347 0.03957 0.15562 0.00582 0.02086
0.08634 0.28313 0.01964 0.02617 0.02547 0.04523 0.01329 0.06106 0.03111 0.06618 0.02161 0.02558 0.02254 0.02187 0.02687 0.06588 0.05471 0.07819 0.00604 0.01911
0.06182 0.00861 0.05931 0.07550 0.02018 0.03757 0.02379 0.02964 0.08930 0.04813 0.01705 0.04784 0.02156 0.22389 0.06719 0.05843 0.04579 0.03844 0.00550 0.02047
0.29286 0.01601 0.03572 0.04401 0.01977 0.05177 0.01560 0.04833 0.04346 0.05412 0.01890 0.03670 0.02502 0.03046 0.03362 0.08304 0.06351 0.06665 0.00468 0.01575
0.05719 0.00910 0.03547 0.05578 0.01795 0.03445 0.02369 0.02853 0.10997 0.04515 0.01646 0.03863 0.02060 0.05107 0.29889 0.05207 0.04329 0.03733 0.00574 0.01865
0.04940 0.01096 0.01889 0.02694 0.04535 0.02228 0.01340 0.10049 0.03395 0.34568 0.04203 0.02021 0.01403 0.02273 0.02791 0.03447 0.03649 0.10038 0.00732 0.02710
0.09539 0.01511 0.03627 0.04646 0.02112 0.04810 0.01665 0.05137 0.04933 0.05863 0.02023 0.03700 0.02400 0.03296 0.03796 0.07807 0.24073 0.06868 0.00495 0.01698
0.04679 0.00999 0.02619 0.03503 0.09828 0.02534 0.02810 0.04546 0.04024 0.07588 0.02278 0.02832 0.01568 0.02868 0.03264 0.04033 0.03510 0.05204 0.01913 0.29399
0.05756 0.00821 0.04872 0.06884 0.01565 0.03497 0.02477 0.02789 0.28905 0.04170 0.01574 0.04485 0.02091 0.05494 0.08835 0.05452 0.04410 0.03700 0.00513 0.01712
0.06706 0.01373 0.01959 0.02739 0.03152 0.02795 0.01198 0.12523 0.03134 0.11392 0.03178 0.02221 0.01577 0.02160 0.02504 0.04610 0.04644 0.29641 0.00543 0.01951
0.06706 0.01373 0.01959 0.02739 0.03152 0.02795 0.01198 0.12523 0.03134 0.11392 0.03178 0.02221 0.01577 0.02160 0.02504 0.04610 0.04644 0.29641 0.00543 0.01951
0.06182 0.00861 0.05931 0.07550 0.02018 0.03757 0.02379 0.02964 0.08930 0.04813 0.01705 0.04784 0.02156 0.22389 0.06719 0.05843 0.04579 0.03844 0.00550 0.02047
0.05719 0.00910 0.03547 0.05578 0.01795 0.03445 0.02369 0.02853 0.10997 0.04515 0.01646 0.03863 0.02060 0.05107 0.29889 0.05207 0.04329 0.03733 0.00574 0.01865
0.04679 0.00999 0.02619 0.03503 0.09828 0.02534 0.02810 0.04546 0.04024 0.07588 0.02278 0.02832 0.01568 0.02868 0.03264 0.04033 0.03510 0.05204 0.01913 0.29399
0.04534 0.01070 0.01741 0.02366 0.28299 0.02225 0.02169 0.07140 0.02585 0.12951 0.03358 0.02087 0.01396 0.02101 0.02218 0.03448 0.03348 0.07287 0.01609 0.08069
0.05812 0.00735 0.08643 0.29070 0.01435 0.04104 0.02292 0.02545 0.07137 0.03641 0.01358 0.05653 0.02252 0.04986 0.04832 0.05810 0.04283 0.03435 0.00433 0.01545
0.08634 0.28313 0.01964 0.02617 0.02547 0.04523 0.01329 0.06106 0.03111 0.06618 0.02161 0.02558 0.02254 0.02187 0.02687 0.06588 0.05471 0.07819 0.00604 0.01911
0.04679 0.00999 0.02619 0.03503 0.09828 0.02534 0.02810 0.04546 0.04024 0.07588 0.02278 0.02832 0.01568 0.02868 0.03264 0.04033 0.03510 0.05204 0.01913 0.29399
0.05770 0.00713 0.32194 0.10324 0.01350 0.04437 0.02180 0.02098 0.05574 0.03021 0.01133 0.05974 0.02330 0.04646 0.03405 0.05876 0.04116 0.02961 0.00409 0.01489
0.08105 0.01364 0.04251 0.04767 0.01536 0.37847 0.01550 0.02358 0.04054 0.03278 0.01232 0.03602 0.02518 0.02897 0.03170 0.06844 0.05061 0.03679 0.00498 0.01391
0.08105 0.01364 0.04251 0.04767 0.01536 0.37847 0.01550 0.02358 0.04054 0.03278 0.01232 0.03602 0.02518 0.02897 0.03170 0.06844 0.05061 0.03679 0.00498 0.01391
0.08634 0.28313 0.01964 0.02617 0.02547 0.04523 0.01329 0.06106 0.03111 0.06618 0.02161 0.02558 0.02254 0.02187 0.02687 0.06588 0.05471 0.07819 0.00604 0.01911
0.05363 0.01241 0.01606 0.02359 0.03730 0.02004 0.01107 0.28260 0.02810 0.14808 0.03867 0.01811 0.01279 0.01949 0.02273 0.03347 0.03957 0.15562 0.00582 0.02086
0.09539 0.01511 0.03627 0.04646 0.02112 0.04810 0.01665 0.05137 0.04933 0.05863 0.02023 0.03700 0.02400 0.03296 0.03796 0.07807 0.24073 0.06868 0.00495 0.01698
0.29286 0.01601 0.03572 0.04401 0.01977 0.05177 0.01560 0.04833 0.04346 0.05412 0.01890 0.03670 0.02502 0.03046 0.03362 0.08304 0.06351 0.06665 0.00468 0.01575
0.05756 0.00821 0.04872 0.06884 0.01565 0.03497 0.02477 0.02789 0.28905 0.04170 0.01574 0.04485 0.02091 0.05494 0.08835 0.05452 0.04410 0.03700 0.00513 0.01712
0.05812 0.00735 0.08643 0.29070 0.01435 0.04104 0.02292 0.02545 0.07137 0.03641 0.01358 0.05653 0.02252 0.04986 0.04832 0.05810 0.04283 0.03435 0.00433 0.01545
0.06706 0.01373 0.01959 0.02739 0.03152 0.02795 0.01198 0.12523 0.03134 0.11392 0.03178 0.02221 0.01577 0.02160 0.02504 0.04610 0.04644 0.29641 0.00543 0.01951
0.06706 0.01373 0.01959 0.02739 0.03152 0.02795 0.01198 0.12523 0.03134 0.11392 0.03178 0.02221 0.01577 0.02160 0.02504 0.04610 0.04644 0.29641 0.00543 0.01951
0.06706 0.01373 0.01959 0.02739 0.03152 0.02795 0.01198 0.12523 0.03134 0.11392 0.03178 0.02221 0.01577 0.02160 0.02504 0.04610 0.04644 0.29641 0.00543 0.01951
0.09539 0.01511 0.03627 0.04646 0.02112 0.04810 0.01665 0.05137 0.04933 0.05863 0.02023 0.03700 0.02400 0.03296 0.03796 0.07807 0.24073 0.06868 0.00495 0.01698
0.07285 0.01003 0.07060 0.08004 0.01935 0.04509 0.02178 0.02648 0.06575 0.03704 0.01418 0.24112 0.02359 0.04487 0.04652 0.06756 0.04981 0.03810 0.00516 0.02011
0.04940 0.01096 0.01889 0.02694 0.04535 0.02228 0.01340 0.10049 0.03395 0.34568 0.04203 0.02021 0.01403 0.02273 0.02791 0.03447 0.03649 0.10038 0.00732 0.02710
0.07285 0.01003 0.07060 0.08004 0.01935 0.04509 0.02178 0.02648 0.06575 0.03704 0.01418 0.24112 0.02359 0.04487 0.04652 0.06756 0.04981 0.03810 0.00516 0.02011
0.05756 0.00821 0.04872 0.06884 0.01565 0.03497 0.02477 0.02789 0.28905 0.04170 0.01574 0.04485 0.02091 0.05494 0.08835 0.05452 0.04410 0.03700 0.00513 0.01712
0.10455 0.01540 0.04516 0.05435 0.01938 0.05468 0.01789 0.03175 0.05097 0.04146 0.01617 0.04261 0.02638 0.03551 0.03827 0.26848 0.06528 0.04903 0.00485 0.01782
0.29286 0.01601 0.03572 0.04401 0.01977 0.05177 0.01560 0.04833 0.04346 0.05412 0.01890 0.03670 0.02502 0.03046 0.03362 0.08304 0.06351 0.06665 0.00468 0.01575
0.08105 0.01364 0.04251 0.04767 0.01536 0.37847 0.01550 0.02358 0.04054 0.03278 0.01232 0.03602 0.02518 0.02897 0.03170 0.06844 0.05061 0.03679 0.00498 0.01391
0.04380 0.01059 0.02034 0.02811 0.07792 0.02768 0.02346 0.04284 0.03695 0.07682 0.02259 0.02354 0.01665 0.02488 0.03178 0.03570 0.03262 0.04798 0.29861 0.07714
0.07502 0.01273 0.04144 0.04940 0.01824 0.04693 0.01670 0.02962 0.04716 0.04245 0.01488 0.03596 0.32567 0.03183 0.03649 0.06364 0.04869 0.04159 0.00539 0.01616
0.04940 0.01096 0.01889 0.02694 0.04535 0.02228 0.01340 0.10049 0.03395 0.34568 0.04203 0.02021 0.01403 0.02273 0.02791 0.03447 0.03649 0.10038 0.00732 0.02710
0.07285 0.01003 0.07060 0.08004 0.01935 0.04509 0.02178 0.02648 0.06575 0.03704 0.01418 0.24112 0.02359 0.04487 0.04652 0.06756 0.04981 0.03810 0.00516 0.02011
0.05756 0.00821 0.04872 0.06884 0.01565 0.03497 0.02477 0.02789 0.28905 0.04170 0.01574 0.04485 0.02091 0.05494 0.08835 0.05452 0.04410 0.03700 0.00513 0.01712
0.06706 0.01373 0.01959 0.02739 0.03152 0.02795 0.01198 0.12523 0.03134 0.11392 0.03178 0.02221 0.01577 0.02160 0.02504 0.04610 0.04644 0.29641 0.00543 0.01951
0.08105 0.01364 0.04251 0.04767 0.01536 0.37847 0.01550 0.02358 0.04054 0.03278 0.01232 0.03602 0.02518 0.02897 0.03170 0.06844 0.05061 0.03679 0.00498 0.01391
0.05756 0.00821 0.04872 0.06884 0.01565 0.03497 0.02477 0.02789 0.28905 0.04170 0.01574 0.04485 0.02091 0.05494 0.08835 0.05452 0.04410 0.03700 0.00513 0.01712
0.29286 0.01601 0.03572 0.04401 0.01977 0.05177 0.01560 0.04833 0.04346 0.05412 0.01890 0.03670 0.02502 0.03046 0.03362 0.08304 0.06351 0.06665 0.00468 0.01575
0.08105 0.01364 0.04251 0.04767 0.01536 0.37847 0.01550 0.02358 0.04054 0.03278 0.01232 0.03602 0.02518 0.02897 0.03170 0.06844 0.05061 0.03679 0.00498 0.01391
0.04940 0.01096 0.01889 0.02694 0.04535 0.02228 0.01340 0.10049 0.03395 0.34568 0.04203 0.02021 0.01403 0.02273 0.02791 0.03447 0.03649 0.10038 0.00732 0.02710
0.04679 0.00999 0.02619 0.03503 0.09828 0.02534 0.02810 0.04546 0.04024 0.07588 0.02278 0.02832 0.01568 0.02868 0.03264 0.04033 0.03510 0.05204 0.01913 0.29399
0.04679 0.00999 0.02619 0.03503 0.09828 0.02534 0.02810 0.04546 0.04024 0.07588 0.02278 0.02832 0.01568 0.02868 0.03264 0.04033 0.03510 0.05204 0.01913 0.29399
0.05812 0.00735 0.08643 0.29070 0.01435 0.04104 0.02292 0.02545 0.07137 0.03641 0.01358 0.05653 0.02252 0.04986 0.04832 0.05810 0.04283 0.03435 0.00433 0.01545
0.29286 0.01601 0.03572 0.04401 0.01977 0.05177 0.01560 0.04833 0.04346 0.05412 0.01890 0.03670 0.02502 0.03046 0.03362 0.08304 0.06351 0.06665 0.00468 0.01575
0.04940 0.01096 0.01889 0.02694 0.04535 0.02228 0.01340 0.10049 0.03395 0.34568 0.04203 0.02021 0.01403 0.02273 0.02791 0.03447 0.03649 0.10038 0.00732 0.02710
0.10455 0.01540 0.04516 0.05435 0.01938 0.05468 0.01789 0.03175 0.05097 0.04146 0.01617 0.04261 0.02638 0.03551 0.03827 0.26848 0.06528 0.04903 0.00485 0.01782
0.04679 0.00999 0.02619 0.03503 0.09828 0.02534 0.02810 0.04546 0.04024 0.07588 0.02278 0.02832 0.01568 0.02868 0.03264 0.04033 0.03510 0.05204 0.01913 0.29399
0.05812 0.00735 0.08643 0.29070 0.01435 0.04104 0.02292 0.02545 0.07137 0.03641 0.01358 0.05653 0.02252 0.04986 0.04832 0.05810 0.04283 0.03435 0.00433 0.01545
0.05812 0.00735 0.08643 0.29070 0.01435 0.04104 0.02292 0.02545 0.07137 0.03641 0.01358 0.05653 0.02252 0.04986 0.04832 0.05810 0.04283 0.03435 0.00433 0.01545
0.06182 0.00861 0.05931 0.07550 0.02018 0.03757 0.02379 0.02964 0.08930 0.04813 0.01705 0.04784 0.02156 0.22389 0.06719 0.05843 0.04579 0.03844 0.00550 0.02047
0.05770 0.00713 0.32194 0.10324 0.01350 0.04437 0.02180 0.02098 0.05574 0.03021 0.01133 0.05974 0.02330 0.04646 0.03405 0.05876 0.04116 0.02961 0.00409 0.01489
0.29286 0.01601 0.03572 0.04401 0.01977 0.05177 0.01560 0.04833 0.04346 0.05412 0.01890 0.03670 0.02502 0.03046 0.03362 0.08304 0.06351 0.06665 0.00468 0.01575
0.04940 0.01096 0.01889 0.02694 0.04535 0.02228 0.01340 0.10049 0.03395 0.34568 0.04203 0.02021 0.01403 0.02273 0.02791 0.03447 0.03649 0.10038 0.00732 0.02710
0.04679 0.00999 0.02619 0.03503 0.09828 0.02534 0.02810 0.04546 0.04024 0.07588 0.02278 0.02832 0.01568 0.02868 0.03264 0.04033 0.03510 0.05204 0.01913 0.29399
0.29286 0.01601 0.03572 0.04401 0.01977 0.05177 0.01560 0.04833 0.04346 0.05412 0.01890 0.03670 0.02502 0.03046 0.03362 0.08304 0.06351 0.06665 0.00468 0.01575
0.04534 0.01070 0.01741 0.02366 0.28299 0.02225 0.02169 0.07140 0.02585 0.12951 0.03358 0.02087 0.01396 0.02101 0.02218 0.03448 0.03348 0.07287 0.01609 0.08069
0.11075 0.01593 0.04023 0.05257 0.01672 0.05434 0.01751 0.03238 0.05126 0.04130 0.01713 0.04207 0.02638 0.03634 0.03763 0.23102 0.10634 0.05099 0.00425 0.01486
0.05405 0.00762 0.04552 0.06559 0.01428 0.03296 0.02403 0.02536 0.32438 0.03863 0.01470 0.04281 0.01988 0.05369 0.08848 0.05158 0.04174 0.03384 0.00485 0.01602
0.05295 0.00840 0.03261 0.05240 0.01627 0.03218 0.02273 0.02581 0.10876 0.04142 0.01519 0.03642 0.01939 0.04937 0.34069 0.04849 0.04038 0.03392 0.00537 0.01724
0.06893 0.00940 0.06867 0.07742 0.01793 0.04309 0.02075 0.02425 0.06238 0.03426 0.01316 0.28032 0.02251 0.04290 0.04389 0.06425 0.04711 0.03516 0.00482 0.01879
0.04943 0.01237 0.01147 0.01918 0.04316 0.01452 0.00959 0.26947 0.02181 0.16994 0.04336 0.01464 0.01061 0.01681 0.01753 0.02755 0.03817 0.18554 0.00557 0.01928
0.04561 0.01037 0.01674 0.02397 0.04439 0.02019 0.01220 0.09856 0.03022 0.38485 0.04245 0.01809 0.01291 0.02060 0.02510 0.03116 0.03387 0.09651 0.00694 0.02525
0.06860 0.01174 0.03760 0.04449 0.01640 0.04347 0.01509 0.02620 0.04221 0.03783 0.01326 0.03257 0.39014 0.02856 0.03284 0.05811 0.04430 0.03711 0.00493 0.01454
0.09217 0.01457 0.03407 0.04371 0.01983 0.04645 0.01574 0.04781 0.04633 0.05469 0.01904 0.03516 0.02307 0.03112 0.03570 0.07541 0.28004 0.06446 0.00469 0.01597
0.05362 0.01129 0.01853 0.02791 0.04137 0.02256 0.01321 0.09487 0.03510 0.16705 0.22486 0.02101 0.01423 0.02386 0.02840 0.03807 0.03954 0.09495 0.00662 0.02296
0.09217 0.01457 0.03407 0.04371 0.01983 0.04645 0.01574 0.04781 0.04633 0.05469 0.01904 0.03516 0.02307 0.03112 0.03570 0.07541 0.28004 0.06446 0.00469 0.01597
0.05855 0.00807 0.05683 0.07259 0.01868 0.03581 0.02282 0.02724 0.08646 0.04455 0.01589 0.04588 0.02059 0.26196 0.06503 0.05565 0.04348 0.03555 0.00518 0.01919
0.04540 0.01034 0.01662 0.02381 0.04433 0.02007 0.01214 0.09843 0.03001 0.38708 0.04246 0.01798 0.01285 0.02048 0.02495 0.03098 0.03373 0.09626 0.00692 0.02515
0.06870 0.00937 0.06854 0.07725 0.01786 0.04298 0.02069 0.02412 0.06218 0.03410 0.01310 0.28262 0.02244 0.04277 0.04374 0.06406 0.04696 0.03500 0.00481 0.01871
0.04540 0.01034 0.01662 0.02381 0.04433 0.02007 0.01214 0.09843 0.03001 0.38708 0.04246 0.01798 0.01285 0.02048 0.02495 0.03098 0.03373 0.09626 0.00692 0.02515
0.05385 0.00759 0.04534 0.06539 0.01421 0.03285 0.02398 0.02523 0.32642 0.03846 0.01464 0.04269 0.01982 0.05360 0.08846 0.05141 0.04160 0.03367 0.00483 0.01596
0.04214 0.00929 0.02341 0.03098 0.10040 0.02319 0.02745 0.04142 0.03567 0.07047 0.02095 0.02587 0.01441 0.02590 0.02935 0.03656 0.03164 0.04726 0.01945 0.34418
0.33301 0.01552 0.03317 0.04092 0.01837 0.05022 0.01463 0.04442 0.04032 0.04988 0.01765 0.03474 0.02410 0.02850 0.03128 0.08070 0.06140 0.06214 0.00438 0.01464
0.04371 0.01093 0.01098 0.01602 0.03138 0.01499 0.00791 0.39298 0.01898 0.13217 0.03408 0.01276 0.00985 0.01356 0.01582 0.02450 0.03246 0.15613 0.00462 0.01615
0.09200 0.01347 0.03584 0.04274 0.01480 0.04808 0.01415 0.02340 0.03934 0.03126 0.01251 0.03493 0.02270 0.02803 0.02971 0.40495 0.05633 0.03837 0.00379 0.01360
0.20165 0.01500 0.03466 0.04272 0.01274 0.25032 0.01392 0.02403 0.03765 0.03125 0.01333 0.03624 0.02434 0.02847 0.02784 0.08700 0.06321 0.04115 0.00335 0.01112
0.04344 0.00610 0.03604 0.05411 0.01083 0.02723 0.02095 0.01894 0.43812 0.03033 0.01167 0.03571 0.01667 0.04739 0.08383 0.04205 0.03410 0.02558 0.00404 0.01289
0.06586 0.00473 0.10991 0.23381 0.00944 0.03789 0.02400 0.01574 0.07051 0.02562 0.01127 0.12721 0.02145 0.05607 0.04099 0.06237 0.04378 0.02379 0.00293 0.01263
0.03896 0.00634 0.02334 0.03947 0.01148 0.02501 0.01852 0.01783 0.09590 0.03000 0.01105 0.02803 0.01522 0.04065 0.49120 0.03608 0.03021 0.02368 0.00421 0.01284
0.46812 0.01351 0.02529 0.03070 0.01408 0.04406 0.01133 0.03273 0.03004 0.03720 0.01350 0.02791 0.02063 0.02174 0.02378 0.07032 0.05254 0.04790 0.00345 0.01117
0.03896 0.00634 0.02334 0.03947 0.01148 0.02501 0.01852 0.01783 0.09590 0.03000 0.01105 0.02803 0.01522 0.04065 0.49120 0.03608 0.03021 0.02368 0.00421 0.01284
0.07939 0.01256 0.02678 0.03380 0.01561 0.04042 0.01243 0.03645 0.03564 0.04208 0.01485 0.02843 0.01965 0.02424 0.02787 0.06474 0.41816 0.05055 0.00377 0.01255
0.05133 0.01154 0.01228 0.01702 0.02460 0.01969 0.00788 0.12716 0.01936 0.09444 0.02616 0.01455 0.01133 0.01368 0.01597 0.03184 0.03586 0.44722 0.00400 0.01406
0.21256 0.01454 0.03211 0.03950 0.01192 0.27016 0.01300 0.02231 0.03483 0.02914 0.01250 0.03420 0.02340 0.02652 0.02589 0.08414 0.06092 0.03886 0.00314 0.01036
0.05272 0.00916 0.02577 0.02770 0.00895 0.62431 0.00919 0.01265 0.02247 0.01838 0.00689 0.02185 0.01674 0.01651 0.01823 0.04410 0.03207 0.02110 0.00318 0.00802
0.05108 0.01150 0.01218 0.01687 0.02448 0.01958 0.00782 0.12702 0.01920 0.09406 0.02604 0.01445 0.01127 0.01357 0.01584 0.03163 0.03568 0.44978 0.00398 0.01398
0.09212 0.01327 0.03496 0.04201 0.01321 0.04750 0.01366 0.02140 0.03832 0.02902 0.01199 0.03448 0.02576 0.02756 0.02869 0.41793 0.05624 0.03631 0.00343 0.01212
0.03612 0.00971 0.00739 0.01253 0.04080 0.01006 0.00707 0.21014 0.01486 0.36348 0.04920 0.00976 0.00816 0.01253 0.01299 0.01877 0.02854 0.12704 0.00510 0.01574
0.03504 0.00886 0.00878 0.01430 0.04422 0.01123 0.00806 0.12182 0.01809 0.45724 0.05027 0.01098 0.00865 0.01421 0.01559 0.02034 0.02730 0.10091 0.00562 0.01850
0.10524 0.01394 0.03435 0.04155 0.01317 0.04914 0.01362 0.02301 0.03812 0.03013 0.01246 0.03492 0.02292 0.02762 0.02856 0.39811 0.05903 0.03889 0.00334 0.01186
0.07907 0.01251 0.02661 0.03357 0.01551 0.04027 0.01235 0.03619 0.03539 0.04179 0.01476 0.02827 0.01956 0.02407 0.02769 0.06447 0.42146 0.05023 0.00375 0.01247
0.04310 0.00944 0.01387 0.02041 0.03632 0.01846 0.01026 0.08107 0.02606 0.15213 0.35682 0.01588 0.01159 0.01799 0.02177 0.02982 0.03156 0.07874 0.00562 0.01909
0.07907 0.01251 0.02661 0.03357 0.01551 0.04027 0.01235 0.03619 0.03539 0.04179 0.01476 0.02827 0.01956 0.02407 0.02769 0.06447 0.42146 0.05023 0.00375 0.01247
0.08224 0.01079 0.05038 0.06707 0.01439 0.04729 0.01941 0.02622 0.06039 0.03644 0.01566 0.11891 0.02212 0.04276 0.04097 0.07371 0.21335 0.03969 0.00391 0.01429
0.05059 0.00803 0.03103 0.05038 0.01539 0.03095 0.02213 0.02437 0.10747 0.03940 0.01448 0.03511 0.01870 0.04820 0.36485 0.04645 0.03872 0.03209 0.00517 0.01648
0.06426 0.00850 0.04870 0.07219 0.02161 0.03271 0.02456 0.03589 0.09612 0.05803 0.02666 0.04593 0.02026 0.19231 0.07139 0.06009 0.04929 0.04495 0.00549 0.02107
0.03757 0.00907 0.01637 0.02371 0.14810 0.01737 0.03116 0.04529 0.02704 0.08103 0.02366 0.02276 0.01203 0.02293 0.02284 0.03248 0.02942 0.04999 0.02464 0.32253
0.05108 0.00827 0.04471 0.05694 0.03794 0.03234 0.30610 0.02537 0.06659 0.04198 0.01481 0.03779 0.01863 0.03949 0.05099 0.04758 0.03774 0.03305 0.00877 0.03983
0.05576 0.00765 0.05459 0.06977 0.01755 0.03435 0.02191 0.02537 0.08351 0.04175 0.01494 0.04405 0.01975 0.29519 0.06286 0.05318 0.04144 0.03326 0.00493 0.01818
0.05035 0.00706 0.04217 0.06180 0.01298 0.03092 0.02307 0.02294 0.36307 0.03559 0.01362 0.04046 0.01877 0.05185 0.08764 0.04834 0.03914 0.03076 0.00456 0.01490
0.07846 0.03314 0.02719 0.04760 0.03690 0.02912 0.05755 0.08337 0.05298 0.09282 0.03595 0.03380 0.01934 0.03857 0.03921 0.05965 0.06094 0.13626 0.00823 0.02891
0.04212 0.00990 0.01319 0.02023 0.05314 0.01577 0.01128 0.10575 0.02485 0.39692 0.04810 0.01545 0.01101 0.01845 0.02068 0.02734 0.03211 0.09968 0.00715 0.02686
0.05035 0.00706 0.04217 0.06180 0.01298 0.03092 0.02307 0.02294 0.36307 0.03559 0.01362 0.04046 0.01877 0.05185 0.08764 0.04834 0.03914 0.03076 0.00456 0.01490
0.10244 0.01462 0.04209 0.05193 0.01552 0.05229 0.01658 0.02613 0.04783 0.03542 0.01469 0.04081 0.03301 0.03408 0.03515 0.31248 0.06378 0.04282 0.00402 0.01431
0.04757 0.01158 0.01275 0.01871 0.03383 0.01679 0.00907 0.34812 0.02221 0.13966 0.03620 0.01468 0.01093 0.01571 0.01829 0.02777 0.03529 0.15785 0.00509 0.01793
0.13898 0.01578 0.02446 0.03670 0.02423 0.03842 0.01498 0.08147 0.03932 0.07127 0.02586 0.03035 0.02044 0.02864 0.02986 0.08114 0.06094 0.21428 0.00519 0.01766
0.13142 0.01098 0.05389 0.07449 0.01834 0.04074 0.02226 0.03525 0.07083 0.05679 0.01904 0.14080 0.02290 0.04884 0.04826 0.07448 0.05861 0.04940 0.00478 0.01792
0.10961 0.01462 0.03077 0.04613 0.02156 0.04181 0.01713 0.05762 0.05118 0.06330 0.02908 0.03572 0.02212 0.03511 0.03780 0.07545 0.21348 0.07568 0.00491 0.01690
0.05767 0.00816 0.03375 0.05884 0.01673 0.03022 0.02552 0.02765 0.12662 0.04356 0.01700 0.04052 0.01922 0.05722 0.27783 0.05385 0.04512 0.03665 0.00538 0.01851
0.07581 0.00944 0.07307 0.08368 0.01345 0.07341 0.02078 0.02105 0.06231 0.03083 0.01297 0.23931 0.02312 0.04537 0.04159 0.07117 0.05149 0.03284 0.00380 0.01453
0.20753 0.01360 0.03724 0.05659 0.02463 0.03952 0.03094 0.04842 0.06051 0.06172 0.02433 0.04022 0.02227 0.04174 0.04340 0.07378 0.06191 0.08460 0.00586 0.02120
0.17352 0.01526 0.03571 0.05216 0.01779 0.04912 0.01803 0.03627 0.05234 0.04622 0.01938 0.04046 0.05516 0.03785 0.03731 0.08813 0.15097 0.05436 0.00451 0.01545
0.05491 0.01283 0.01282 0.02017 0.03086 0.01787 0.00930 0.16938 0.02343 0.12620 0.03471 0.01603 0.01152 0.01683 0.01861 0.03237 0.04043 0.33046 0.00471 0.01657
0.06014 0.01287 0.01607 0.02251 0.02864 0.02404 0.01010 0.12877 0.02569 0.10656 0.02968 0.01863 0.01373 0.01793 0.02078 0.03949 0.04190 0.36058 0.00481 0.01708
0.04812 0.01166 0.01302 0.01912 0.03416 0.01706 0.00924 0.34193 0.02270 0.14060 0.03647 0.01497 0.01109 0.01603 0.01866 0.02826 0.03568 0.15790 0.00515 0.01819
0.06929 0.01174 0.03529 0.03901 0.01245 0.48521 0.01273 0.01856 0.03253 0.02624 0.00989 0.02995 0.02158 0.02353 0.02570 0.05834 0.04281 0.02977 0.00417 0.01124
0.10383 0.01542 0.03615 0.04764 0.01762 0.05036 0.01659 0.03765 0.04879 0.04470 0.01782 0.03866 0.02465 0.03384 0.03655 0.10505 0.24937 0.05586 0.00433 0.01511
0.11563 0.01578 0.03632 0.04993 0.01660 0.05218 0.01713 0.03318 0.04961 0.04209 0.01771 0.04024 0.02563 0.03564 0.03614 0.16674 0.17904 0.05170 0.00423 0.01449
0.05102 0.00716 0.04278 0.06251 0.01321 0.03128 0.02326 0.02337 0.35593 0.03613 0.01382 0.04090 0.01898 0.05222 0.08786 0.04894 0.03962 0.03131 0.00461 0.01510
0.03827 0.00943 0.01435 0.01908 0.36589 0.01921 0.02068 0.06165 0.02094 0.11586 0.02973 0.01789 0.01215 0.01772 0.01860 0.02922 0.02832 0.06221 0.01614 0.08267
0.04898 0.01453 0.02038 0.02995 0.09277 0.02320 0.02614 0.04777 0.03619 0.07468 0.02342 0.02555 0.01458 0.02646 0.02941 0.04071 0.03658 0.05567 0.01794 0.31510
0.06929 0.01174 0.03529 0.03901 0.01245 0.48521 0.01273 0.01856 0.03253 0.02624 0.00989 0.02995 0.02158 0.02353 0.02570 0.05834 0.04281 0.02977 0.00417 0.01124
0.06929 0.01174 0.03529 0.03901 0.01245 0.48521 0.01273 0.01856 0.03253 0.02624 0.00989 0.02995 0.02158 0.02353 0.02570 0.05834 0.04281 0.02977 0.00417 0.01124
0.03537 0.00896 0.01662 0.02228 0.06926 0.02389 0.02015 0.03455 0.02942 0.06331 0.01833 0.01921 0.01423 0.01997 0.02590 0.02886 0.02619 0.03855 0.41580 0.06913
0.06245 0.00580 0.22699 0.11838 0.01157 0.04147 0.02491 0.01837 0.07033 0.02860 0.01236 0.09957 0.02299 0.05685 0.04113 0.06635 0.04662 0.02733 0.00347 0.01445
0.07610 0.00820 0.09367 0.09836 0.01431 0.04334 0.02303 0.02321 0.06838 0.03313 0.01374 0.21244 0.02317 0.05089 0.04408 0.06952 0.05032 0.03427 0.00392 0.01590
0.05272 0.01114 0.01809 0.02722 0.04102 0.02219 0.01295 0.09387 0.03426 0.16630 0.23554 0.02054 0.01399 0.02333 0.02779 0.03733 0.03887 0.09368 0.00654 0.02264
0.05354 0.01139 0.01921 0.02948 0.04587 0.02115 0.01473 0.09787 0.03818 0.31971 0.04287 0.02205 0.01392 0.02551 0.03070 0.03811 0.04033 0.09930 0.00759 0.02849
0.05295 0.00680 0.03580 0.06493 0.01241 0.02853 0.02782 0.02323 0.18140 0.03844 0.01579 0.04342 0.01914 0.06497 0.23683 0.05184 0.04377 0.03143 0.00480 0.01570
0.07799 0.00964 0.06040 0.08340 0.01624 0.03996 0.02446 0.02908 0.08549 0.04204 0.01789 0.14202 0.02311 0.05517 0.06980 0.07304 0.08677 0.04170 0.00461 0.01720
0.04429 0.01015 0.01602 0.02296 0.04400 0.01949 0.01179 0.09766 0.02895 0.39892 0.04250 0.01737 0.01253 0.01987 0.02415 0.03004 0.03294 0.09494 0.00681 0.02461
0.05182 0.01253 0.01280 0.02183 0.03876 0.01591 0.01067 0.23986 0.02553 0.17134 0.07848 0.01643 0.01157 0.01932 0.02054 0.03071 0.04433 0.15312 0.00579 0.01865
0.07494 0.00686 0.14042 0.10562 0.01418 0.03941 0.03559 0.02440 0.09564 0.04108 0.01693 0.06133 0.02322 0.06473 0.07215 0.07197 0.05520 0.03507 0.00428 0.01698
0.07311 0.00804 0.12275 0.10469 0.01250 0.16086 0.02319 0.02092 0.06509 0.03140 0.01347 0.07492 0.02383 0.05209 0.03952 0.07221 0.05167 0.03197 0.00355 0.01422
0.05632 0.01300 0.01352 0.02128 0.03165 0.01859 0.00974 0.16868 0.02474 0.12875 0.03540 0.01680 0.01194 0.01772 0.01958 0.03374 0.04142 0.31510 0.00486 0.01714
0.05752 0.00459 0.22842 0.16524 0.00941 0.04264 0.02497 0.01537 0.06749 0.02487 0.01061 0.08491 0.02301 0.05735 0.03775 0.06394 0.04313 0.02324 0.00285 0.01270
0.06338 0.00642 0.12438 0.11064 0.01235 0.04205 0.02367 0.01922 0.06705 0.02912 0.01222 0.21461 0.02273 0.05314 0.04058 0.06547 0.04616 0.02857 0.00351 0.01472
0.08798 0.01290 0.04518 0.05524 0.01426 0.09228 0.01684 0.02405 0.04863 0.03381 0.01393 0.04027 0.25670 0.03473 0.03524 0.07591 0.05629 0.03830 0.00413 0.01334
0.07053 0.02423 0.01989 0.03510 0.03907 0.02405 0.01701 0.11775 0.04433 0.12649 0.11103 0.02612 0.01652 0.02988 0.03090 0.04861 0.05511 0.13018 0.00771 0.02550
0.04822 0.01071 0.01765 0.02530 0.05024 0.01886 0.01307 0.10345 0.03069 0.35146 0.04429 0.01897 0.01259 0.02181 0.02485 0.03292 0.03643 0.10271 0.00740 0.02836
0.06211 0.01246 0.02288 0.03510 0.04474 0.02563 0.01587 0.10546 0.04452 0.17400 0.11700 0.02577 0.01619 0.02942 0.03510 0.04526 0.04590 0.10864 0.00732 0.02661
0.09050 0.01534 0.04885 0.05512 0.01838 0.28279 0.01805 0.02875 0.04788 0.03937 0.01460 0.04120 0.02844 0.03372 0.03743 0.07646 0.05700 0.04363 0.00585 0.01663
0.04980 0.01168 0.02312 0.03248 0.08208 0.03040 0.02548 0.04854 0.04254 0.08596 0.02549 0.02663 0.01837 0.02844 0.03607 0.04058 0.03717 0.05448 0.22002 0.08068
0.06405 0.00767 0.24897 0.11388 0.01485 0.04675 0.02387 0.02438 0.06301 0.03420 0.01304 0.06481 0.02475 0.05143 0.03869 0.06492 0.04596 0.03415 0.00432 0.01631
0.04920 0.01034 0.02769 0.03719 0.09653 0.02649 0.02833 0.04754 0.04268 0.07860 0.02368 0.02959 0.01635 0.03011 0.03438 0.04228 0.03687 0.05448 0.01883 0.26883
0.07653 0.01297 0.04234 0.05055 0.01869 0.04776 0.01708 0.03046 0.04833 0.04358 0.01527 0.03676 0.31035 0.03259 0.03736 0.06493 0.04972 0.04268 0.00550 0.01656
0.05715 0.00814 0.04834 0.06848 0.01548 0.03473 0.02469 0.02758 0.29311 0.04133 0.01562 0.04462 0.02079 0.05482 0.08841 0.05419 0.04383 0.03662 0.00510 0.01699
0.08435 0.30293 0.01904 0.02526 0.02476 0.04435 0.01290 0.05917 0.03002 0.06417 0.02095 0.02485 0.02206 0.02113 0.02603 0.06434 0.05335 0.07588 0.00589 0.01857
0.05613 0.00686 0.33797 0.10217 0.01296 0.04353 0.02137 0.02003 0.05440 0.02902 0.01090 0.05899 0.02282 0.04561 0.03304 0.05743 0.04005 0.02837 0.00395 0.01440
0.04927 0.00783 0.03015 0.04922 0.01492 0.03027 0.02177 0.02359 0.10659 0.03831 0.01409 0.03436 0.01832 0.04749 0.37851 0.04531 0.03778 0.03109 0.00506 0.01606
0.34716 0.01545 0.03281 0.04093 0.01687 0.05045 0.01446 0.03886 0.04007 0.04493 0.01671 0.03499 0.02749 0.02860 0.03079 0.08275 0.06235 0.05655 0.00410 0.01369
0.04341 0.01044 0.01177 0.02019 0.04761 0.01405 0.01048 0.11351 0.02466 0.31689 0.12947 0.01490 0.01079 0.01915 0.02038 0.02696 0.03430 0.10431 0.00643 0.02032
0.06284 0.01086 0.03420 0.04011 0.01484 0.04038 0.01367 0.02331 0.03784 0.03389 0.01186 0.02955 0.44691 0.02566 0.02963 0.05313 0.04037 0.03327 0.00454 0.01315
0.07674 0.00955 0.07296 0.08373 0.01543 0.04436 0.02139 0.02290 0.06555 0.03269 0.01351 0.23422 0.02306 0.04624 0.04458 0.08521 0.05219 0.03497 0.00411 0.01661
0.04564 0.01097 0.01204 0.02095 0.04521 0.01439 0.01066 0.13476 0.02498 0.23266 0.17655 0.01544 0.01101 0.01947 0.02038 0.02809 0.03609 0.11458 0.00629 0.01984
0.05077 0.02077 0.01035 0.01781 0.03569 0.01457 0.00944 0.26476 0.02040 0.19317 0.04135 0.01415 0.01064 0.01604 0.01687 0.02799 0.03943 0.17244 0.00546 0.01790
0.05866 0.00806 0.03511 0.05806 0.01386 0.03533 0.02401 0.02379 0.11900 0.03713 0.01501 0.04002 0.01919 0.05437 0.30131 0.05881 0.04459 0.03312 0.00468 0.01590
0.04793 0.01175 0.01140 0.01961 0.04077 0.01469 0.01014 0.19707 0.02299 0.18634 0.14964 0.01496 0.01094 0.01805 0.01897 0.02842 0.03966 0.13223 0.00591 0.01853
0.10190 0.01513 0.01604 0.02828 0.06762 0.02102 0.01498 0.17480 0.03129 0.12623 0.04525 0.02194 0.01474 0.02467 0.02516 0.04405 0.05142 0.14298 0.00751 0.02500
0.21962 0.01514 0.03073 0.04065 0.01331 0.05117 0.01402 0.02513 0.03872 0.03271 0.01406 0.03526 0.02410 0.02888 0.02856 0.26598 0.06440 0.04255 0.00343 0.01159
0.20036 0.01339 0.03132 0.04833 0.01893 0.04062 0.01729 0.03830 0.04997 0.07557 0.02001 0.03622 0.02165 0.03592 0.03541 0.18127 0.06030 0.05423 0.00466 0.01625
0.03791 0.00947 0.00906 0.01573 0.04455 0.01184 0.00878 0.10129 0.01908 0.35489 0.16644 0.01199 0.01068 0.01573 0.01642 0.02272 0.03015 0.08976 0.00586 0.01764
0.05846 0.01369 0.01451 0.02564 0.03364 0.01841 0.01312 0.20928 0.03022 0.12335 0.03707 0.01960 0.01303 0.02240 0.04541 0.03685 0.04599 0.21194 0.00636 0.02104
0.03175 0.00789 0.01012 0.01439 0.03873 0.01358 0.00808 0.08406 0.01819 0.53940 0.04042 0.01119 0.00913 0.01338 0.01594 0.02003 0.02387 0.07596 0.00544 0.01844
0.22422 0.01467 0.02711 0.03930 0.01562 0.17981 0.01440 0.03265 0.03930 0.03999 0.01675 0.03330 0.02256 0.02936 0.02871 0.08131 0.06229 0.08174 0.00388 0.01305
0.07505 0.00901 0.04523 0.07187 0.01369 0.06103 0.02276 0.02429 0.08417 0.03688 0.01629 0.04728 0.02210 0.05262 0.14474 0.16283 0.05482 0.03618 0.00412 0.01505
0.05445 0.00539 0.09326 0.08771 0.01022 0.03220 0.02353 0.01769 0.30483 0.02855 0.01232 0.05171 0.01946 0.05513 0.06224 0.05648 0.04248 0.02570 0.00346 0.01319
0.05823 0.00772 0.04886 0.06630 0.02327 0.03127 0.26481 0.02459 0.07183 0.03809 0.01527 0.04203 0.04816 0.04476 0.05150 0.05495 0.04346 0.03379 0.00574 0.02537
0.08151 0.01254 0.03484 0.07172 0.02701 0.03125 0.02175 0.06164 0.06178 0.06993 0.02869 0.03974 0.02001 0.04461 0.04248 0.08216 0.11399 0.12514 0.00651 0.02269
0.07821 0.00996 0.04792 0.07463 0.02751 0.05113 0.02326 0.03364 0.07196 0.04776 0.02062 0.10743 0.02157 0.05147 0.04677 0.07143 0.14481 0.04668 0.00495 0.01829
0.07293 0.24747 0.01380 0.02183 0.02827 0.02870 0.01174 0.11925 0.02647 0.08431 0.02797 0.02057 0.01580 0.01955 0.02204 0.05455 0.05001 0.10999 0.00551 0.01925
0.12377 0.30194 0.01567 0.02305 0.02171 0.03982 0.01177 0.05214 0.02788 0.05728 0.02096 0.02414 0.01957 0.02045 0.02334 0.06844 0.05655 0.06963 0.00590 0.01598
0.10651 0.01082 0.04881 0.06712 0.01569 0.03938 0.02017 0.02868 0.06261 0.04049 0.01758 0.07359 0.02194 0.04476 0.04091 0.08887 0.21026 0.04230 0.00422 0.01529
0.10536 0.01190 0.03748 0.06518 0.02837 0.03039 0.04819 0.05148 0.06733 0.07330 0.02922 0.04898 0.02021 0.04896 0.04543 0.08562 0.06787 0.08039 0.03056 0.02381
0.08311 0.01097 0.04414 0.06966 0.01559 0.05132 0.02003 0.02872 0.06270 0.04020 0.01747 0.04379 0.02194 0.04443 0.04440 0.24086 0.09854 0.04193 0.00422 0.01598
0.04889 0.00359 0.31063 0.16370 0.00748 0.03688 0.02636 0.01192 0.05921 0.02010 0.00866 0.06398 0.01995 0.06240 0.03269 0.05530 0.03686 0.01842 0.00233 0.01064
0.03905 0.00504 0.02441 0.04970 0.00836 0.02205 0.02420 0.01625 0.18394 0.02903 0.01191 0.03450 0.01529 0.05727 0.36838 0.03910 0.03351 0.02209 0.00389 0.01202
0.06606 0.03501 0.01299 0.02315 0.17140 0.02145 0.01742 0.09623 0.02692 0.11430 0.04123 0.02073 0.01501 0.02265 0.02404 0.04302 0.05233 0.12142 0.01055 0.06409
0.03186 0.00859 0.01199 0.01802 0.10745 0.01385 0.02478 0.04279 0.02209 0.10763 0.02175 0.01784 0.00977 0.01839 0.01906 0.02638 0.02509 0.04657 0.01966 0.40641
0.05360 0.00600 0.07609 0.07314 0.01136 0.02950 0.02287 0.01933 0.09580 0.03100 0.01321 0.04486 0.01839 0.05319 0.31090 0.05360 0.04200 0.02745 0.00384 0.01391
0.02934 0.00741 0.00915 0.01294 0.03734 0.01254 0.00740 0.08049 0.01636 0.56788 0.03946 0.01012 0.00851 0.01223 0.01452 0.01823 0.02209 0.07161 0.00515 0.01723
0.12248 0.04032 0.03311 0.05800 0.03120 0.04893 0.02195 0.05422 0.06056 0.07292 0.03014 0.03821 0.01966 0.04422 0.05786 0.08470 0.05911 0.06894 0.00692 0.04655
0.06906 0.00866 0.05785 0.06864 0.01194 0.03846 0.01786 0.02071 0.05579 0.02868 0.01193 0.32492 0.02000 0.03930 0.03789 0.06381 0.07687 0.03171 0.00328 0.01264
0.05193 0.00514 0.07972 0.36816 0.00933 0.03398 0.02037 0.01584 0.06258 0.02482 0.01045 0.05257 0.04877 0.04666 0.03907 0.05412 0.03871 0.02337 0.00291 0.01151
0.05647 0.16870 0.01139 0.01876 0.03450 0.02071 0.01100 0.09363 0.02301 0.25075 0.03528 0.01660 0.01281 0.01757 0.01969 0.03743 0.04126 0.10372 0.00606 0.02065
0.40291 0.04098 0.01755 0.02516 0.01610 0.04703 0.01135 0.03942 0.02798 0.04229 0.01671 0.02703 0.02197 0.02129 0.02259 0.08236 0.06220 0.05922 0.00373 0.01216
0.04169 0.00582 0.04256 0.05343 0.01283 0.02719 0.01681 0.01744 0.06517 0.02966 0.01058 0.03380 0.01544 0.46647 0.04963 0.04005 0.03080 0.02323 0.00379 0.01361
0.06169 0.01281 0.01340 0.01992 0.02251 0.02250 0.00892 0.12367 0.02248 0.08342 0.02563 0.01724 0.01274 0.01621 0.01801 0.03979 0.07049 0.39139 0.00391 0.01328
0.03051 0.00765 0.00961 0.01364 0.03803 0.01305 0.00773 0.08226 0.01724 0.55397 0.03995 0.01064 0.00881 0.01279 0.01521 0.01910 0.02295 0.07375 0.00529 0.01782
0.12950 0.01404 0.02904 0.04203 0.01375 0.04649 0.01468 0.02591 0.04174 0.03452 0.01501 0.03552 0.02273 0.03082 0.02994 0.21575 0.20061 0.04225 0.00357 0.01210
0.05688 0.00588 0.07804 0.32795 0.01059 0.03498 0.02122 0.02017 0.06712 0.02905 0.01203 0.05337 0.01966 0.04866 0.04277 0.05785 0.06935 0.02884 0.00313 0.01246
0.07085 0.01580 0.01824 0.03245 0.03818 0.02368 0.01725 0.10570 0.03610 0.10271 0.06969 0.02512 0.01633 0.02817 0.02891 0.06877 0.06358 0.19777 0.00821 0.03249
0.06581 0.01349 0.01594 0.02505 0.02585 0.02447 0.01158 0.11535 0.02827 0.08205 0.02739 0.02067 0.01432 0.02059 0.02228 0.07055 0.04690 0.34720 0.00498 0.01726
0.07401 0.01534 0.02318 0.04117 0.04264 0.02606 0.03942 0.07732 0.04475 0.13597 0.04742 0.03010 0.01795 0.03428 0.03411 0.07012 0.05870 0.09834 0.00890 0.08021
0.15699 0.10064 0.02084 0.03155 0.01582 0.08041 0.01308 0.02921 0.03326 0.03886 0.01674 0.03033 0.02289 0.02559 0.02531 0.23051 0.06441 0.04687 0.00391 0.01277
0.07649 0.00956 0.04836 0.07498 0.01701 0.08549 0.02272 0.03104 0.07275 0.06381 0.01925 0.11288 0.02146 0.05141 0.04740 0.07056 0.10935 0.04373 0.00463 0.01714
0.08481 0.01124 0.04825 0.05933 0.01168 0.28079 0.01645 0.02048 0.04833 0.02910 0.01270 0.07660 0.02190 0.03579 0.03294 0.07487 0.08600 0.03401 0.00320 0.01153
0.08011 0.01859 0.04067 0.06780 0.01901 0.16780 0.02227 0.03666 0.09048 0.04934 0.02123 0.05582 0.02133 0.04943 0.04777 0.07358 0.05853 0.05637 0.00504 0.01816
0.06589 0.01509 0.01630 0.02904 0.13908 0.02207 0.01773 0.11171 0.03273 0.14190 0.04962 0.02329 0.01555 0.04529 0.02708 0.04499 0.05237 0.09192 0.00966 0.04869
0.04938 0.00926 0.02504 0.03427 0.07523 0.02359 0.02365 0.03497 0.03707 0.05407 0.01870 0.02715 0.01420 0.02694 0.02888 0.07446 0.03615 0.04351 0.01478 0.34872
0.04703 0.01212 0.00914 0.01607 0.10755 0.01374 0.01026 0.12182 0.01823 0.18989 0.05158 0.01336 0.01039 0.01562 0.01598 0.02693 0.03726 0.25404 0.00662 0.02237
0.04303 0.00575 0.03497 0.05364 0.01009 0.02595 0.02103 0.01826 0.44149 0.02939 0.01145 0.03556 0.01606 0.04818 0.08702 0.04192 0.03519 0.02482 0.00379 0.01240
0.04304 0.00783 0.02276 0.02557 0.00980 0.02953 0.00896 0.01428 0.02355 0.02144 0.00738 0.01940 0.63521 0.01610 0.01913 0.03603 0.02706 0.02103 0.00325 0.00863
0.06173 0.00987 0.02839 0.03058 0.00933 0.57980 0.00972 0.01374 0.02455 0.01930 0.00753 0.02458 0.01748 0.01818 0.01936 0.05360 0.03719 0.02364 0.00296 0.00846
0.06723 0.00893 0.05323 0.06474 0.01604 0.31412 0.05163 0.02104 0.05674 0.03139 0.01304 0.04220 0.01973 0.03886 0.03963 0.06284 0.04609 0.03170 0.00419 0.01665
0.07159 0.01252 0.02390 0.03677 0.05864 0.03060 0.01588 0.06068 0.03938 0.07751 0.02606 0.02817 0.01739 0.02865 0.02940 0.05624 0.28182 0.07378 0.00635 0.02465
0.08767 0.01170 0.04168 0.05939 0.01416 0.04241 0.01826 0.02539 0.05585 0.03588 0.01569 0.06943 0.02232 0.04017 0.03788 0.19077 0.17413 0.03968 0.00383 0.01373
0.07455 0.00939 0.05510 0.07161 0.01401 0.03911 0.02033 0.02307 0.06725 0.03408 0.01458 0.04959 0.02127 0.07295 0.04640 0.28133 0.05187 0.03489 0.00389 0.01473
0.06563 0.00891 0.05258 0.06434 0.01654 0.31278 0.05642 0.02132 0.05708 0.03198 0.01317 0.04178 0.01982 0.03891 0.04006 0.06012 0.04533 0.03172 0.00440 0.01712
0.04592 0.00505 0.44922 0.09365 0.00890 0.04126 0.01809 0.01329 0.04457 0.02019 0.00785 0.05328 0.01921 0.03925 0.02576 0.04861 0.03261 0.01983 0.00282 0.01064
0.33472 0.01577 0.03193 0.04124 0.01355 0.08384 0.01415 0.02522 0.03816 0.03321 0.01443 0.03613 0.02486 0.02890 0.02831 0.11076 0.06645 0.04323 0.00349 0.01166
0.09614 0.01441 0.03201 0.04149 0.01626 0.04684 0.01470 0.03559 0.04292 0.04137 0.01617 0.03459 0.02266 0.02965 0.03262 0.08943 0.32291 0.05254 0.00395 0.01375
0.08251 0.01304 0.02843 0.03610 0.01657 0.04186 0.01320 0.03897 0.03811 0.04489 0.01582 0.03001 0.02046 0.02585 0.02966 0.06735 0.38618 0.05369 0.00398 0.01333
0.43760 0.01400 0.02700 0.03297 0.01501 0.04556 0.01207 0.03523 0.03232 0.03993 0.01443 0.02947 0.02146 0.02327 0.02544 0.07292 0.05471 0.05102 0.00366 0.01193
0.02977 0.00771 0.01296 0.01803 0.14722 0.01440 0.02969 0.03705 0.02082 0.06910 0.01966 0.01916 0.01007 0.01869 0.01841 0.02649 0.02336 0.04055 0.02459 0.41227
0.39208 0.01487 0.02699 0.03416 0.01632 0.04700 0.01269 0.04054 0.03451 0.04479 0.01618 0.03093 0.02217 0.02483 0.02689 0.07828 0.05917 0.06111 0.00374 0.01276
0.05801 0.00787 0.06104 0.06740 0.01453 0.03748 0.01752 0.01879 0.05176 0.02717 0.01044 0.39512 0.01938 0.03619 0.03618 0.05448 0.03937 0.02781 0.00400 0.01544
0.09161 0.01342 0.03559 0.04242 0.01469 0.04789 0.01405 0.02320 0.03902 0.03100 0.01241 0.03471 0.02260 0.02782 0.02949 0.40866 0.05606 0.03810 0.00376 0.01349
0.08299 0.01329 0.01361 0.02143 0.02587 0.02062 0.00959 0.14931 0.02406 0.09899 0.02980 0.01750 0.01253 0.01754 0.01892 0.03762 0.04341 0.34373 0.00436 0.01483
0.03422 0.00867 0.01118 0.01579 0.36629 0.01464 0.02029 0.06516 0.01828 0.13720 0.03204 0.01570 0.01005 0.01615 0.01645 0.02549 0.02608 0.06373 0.01647 0.08612
0.06235 0.00811 0.06521 0.07221 0.01494 0.03889 0.01850 0.01971 0.05528 0.02822 0.01104 0.35696 0.02006 0.03872 0.03828 0.05984 0.04227 0.02942 0.00398 0.01602
0.04304 0.01082 0.01070 0.01559 0.03094 0.01470 0.00772 0.40096 0.01846 0.13075 0.03368 0.01245 0.00966 0.01321 0.01542 0.02396 0.03197 0.15559 0.00454 0.01585
0.05966 0.04018 0.01145 0.02038 0.11704 0.01840 0.01373 0.15024 0.02346 0.18391 0.04630 0.01757 0.01328 0.01985 0.02079 0.03651 0.04719 0.12316 0.00834 0.02854
0.04961 0.00681 0.04947 0.06294 0.01535 0.03122 0.01975 0.02167 0.07602 0.03617 0.01297 0.03972 0.01789 0.36944 0.05743 0.04754 0.03683 0.02864 0.00441 0.01611
0.30694 0.01496 0.02330 0.03336 0.01979 0.04137 0.01320 0.06170 0.03554 0.06013 0.02107 0.02925 0.02065 0.02584 0.02715 0.07226 0.05884 0.11605 0.00423 0.01438
