702
1
0 1.0
20
0.07879 0.01516 0.05352 0.06683 0.03971 0.06951 0.02292 0.05901 0.05944 0.09637 0.02377 0.04144 0.04829 0.03956 0.05410 0.06834 0.05407 0.06734 0.01141 0.03041
0.05370 0.01650 0.08214 0.05081 0.06811 0.05079 0.01228 0.06766 0.05281 0.07742 0.09343 0.02063 0.02584 0.03553 0.04941 0.06195 0.03336 0.07003 0.03667 0.04094
0.05456 0.00356 0.08643 0.10252 0.02199 0.08276 0.06169 0.01146 0.14708 0.03188 0.00930 0.06739 0.02870 0.05430 0.06180 0.07488 0.03486 0.05305 0.00231 0.00948
0.07060 0.00431 0.03053 0.08106 0.02783 0.04653 0.01571 0.07171 0.09186 0.05456 0.01102 0.04657 0.06570 0.07259 0.04011 0.12826 0.06058 0.05141 0.00266 0.02640
0.08263 0.01704 0.06334 0.09818 0.02643 0.04939 0.03098 0.04214 0.09482 0.05031 0.01000 0.03290 0.08091 0.08731 0.04991 0.05086 0.03434 0.08626 0.00245 0.00981
0.08555 0.02263 0.04463 0.05613 0.00789 0.05986 0.03135 0.03459 0.07687 0.03239 0.02475 0.08816 0.02442 0.05329 0.07109 0.10031 0.09825 0.04442 0.00248 0.04092
0.04341 0.01411 0.04181 0.09813 0.00695 0.01997 0.04274 0.01167 0.10210 0.06437 0.05994 0.06674 0.06058 0.05061 0.11011 0.07888 0.08179 0.01799 0.00232 0.02578
0.07621 0.01618 0.05933 0.08886 0.00695 0.07493 0.02943 0.01169 0.08104 0.09029 0.01381 0.05409 0.01338 0.06100 0.08923 0.12278 0.03422 0.01797 0.03127 0.02734
0.08874 0.00690 0.03661 0.04975 0.01617 0.02789 0.03183 0.07501 0.03497 0.11706 0.04276 0.02185 0.04025 0.04015 0.02389 0.11308 0.04341 0.08457 0.00390 0.10120
0.04305 0.00371 0.03279 0.10075 0.00730 0.04389 0.03126 0.02744 0.09067 0.06834 0.03637 0.08241 0.05796 0.05093 0.07942 0.07352 0.09108 0.04283 0.00237 0.03390
0.07101 0.00358 0.10431 0.07855 0.03110 0.04495 0.03958 0.04429 0.08622 0.04717 0.00932 0.06867 0.04024 0.08654 0.03548 0.08576 0.05678 0.05473 0.00231 0.00942
0.06991 0.02208 0.04813 0.11029 0.01760 0.06646 0.03949 0.03592 0.07035 0.01980 0.00940 0.05145 0.02695 0.14139 0.04571 0.09797 0.03420 0.02472 0.03311 0.03506
0.05724 0.00417 0.04353 0.13537 0.07916 0.04277 0.01558 0.03838 0.05326 0.03840 0.01068 0.03119 0.02320 0.07872 0.06262 0.11417 0.07551 0.06756 0.00259 0.02589
0.06629 0.00489 0.05230 0.06258 0.08505 0.04272 0.02923 0.09592 0.05512 0.14128 0.01234 0.06161 0.01229 0.04539 0.06285 0.04014 0.07933 0.02614 0.00293 0.02160
0.05661 0.04206 0.03766 0.08190 0.02913 0.06429 0.01351 0.03832 0.05184 0.08052 0.04361 0.02486 0.06754 0.04923 0.06435 0.09241 0.04151 0.06840 0.01852 0.03373
0.05887 0.00373 0.07880 0.09175 0.03334 0.03421 0.01609 0.01262 0.06202 0.11638 0.03715 0.05788 0.02776 0.05189 0.08617 0.08341 0.08608 0.03151 0.00238 0.02795
0.05305 0.01700 0.06038 0.09126 0.04421 0.01880 0.03050 0.02490 0.09425 0.08668 0.02190 0.04562 0.01272 0.06697 0.06440 0.06736 0.09451 0.04515 0.03143 0.02891
0.06111 0.00457 0.02824 0.06737 0.02473 0.05034 0.01491 0.04304 0.08334 0.16090 0.01159 0.08208 0.05728 0.04891 0.04619 0.09978 0.03319 0.04582 0.00277 0.03384
0.07607 0.00352 0.07087 0.11848 0.02278 0.01947 0.03067 0.02167 0.08170 0.06710 0.03120 0.05035 0.04700 0.04610 0.06504 0.15658 0.04803 0.03185 0.00227 0.00925
0.06657 0.00445 0.10965 0.08303 0.00944 0.04395 0.01486 0.05942 0.05868 0.11980 0.02565 0.02931 0.06575 0.03502 0.05896 0.07181 0.04644 0.08414 0.00271 0.01037
0.05418 0.01840 0.05664 0.11472 0.00754 0.03985 0.01567 0.04218 0.06866 0.04567 0.00972 0.05205 0.05077 0.04549 0.04383 0.10531 0.07757 0.06740 0.00238 0.08196
0.04169 0.00405 0.06231 0.08287 0.08360 0.01865 0.01533 0.03888 0.11034 0.09694 0.02058 0.03073 0.04755 0.06727 0.05465 0.06332 0.10860 0.04025 0.00252 0.00987
0.08054 0.00530 0.04985 0.04322 0.05591 0.01721 0.01387 0.11200 0.07223 0.12170 0.02150 0.05097 0.03801 0.05770 0.07075 0.06544 0.05688 0.03920 0.00311 0.02460
0.04017 0.02401 0.04266 0.09817 0.03530 0.03173 0.01190 0.06346 0.03207 0.11924 0.01714 0.04636 0.02498 0.02360 0.04977 0.09701 0.05029 0.13490 0.03271 0.02452
0.11320 0.00347 0.07055 0.06868 0.01464 0.04282 0.01601 0.03120 0.09632 0.05310 0.02283 0.13893 0.05452 0.07734 0.03461 0.07786 0.05512 0.01740 0.00224 0.00915
0.05373 0.03337 0.02708 0.02019 0.09523 0.04851 0.01022 0.09315 0.02205 0.10568 0.02046 0.03994 0.02131 0.02528 0.04420 0.12735 0.04880 0.09084 0.00460 0.06801
0.06901 0.00346 0.04655 0.11278 0.00669 0.01933 0.01602 0.01123 0.09454 0.04116 0.03707 0.03286 0.16304 0.09080 0.06475 0.08224 0.05547 0.04162 0.00223 0.00913
0.04193 0.00359 0.06790 0.14159 0.00706 0.01918 0.03170 0.05464 0.07104 0.10911 0.00932 0.03238 0.02494 0.06374 0.06273 0.09472 0.07655 0.07628 0.00230 0.00930
0.10446 0.00357 0.04410 0.08977 0.03856 0.03152 0.03047 0.01185 0.12388 0.04298 0.00926 0.07519 0.03291 0.03900 0.07308 0.09688 0.03328 0.08315 0.01455 0.02156
0.04280 0.00395 0.03159 0.11339 0.05610 0.01932 0.01593 0.02653 0.12241 0.07699 0.01018 0.07280 0.05567 0.07552 0.04639 0.06830 0.08145 0.05030 0.00249 0.02790
0.08069 0.00475 0.03803 0.07032 0.04968 0.03442 0.01555 0.07618 0.10622 0.10093 0.01205 0.04586 0.02447 0.04736 0.05737 0.08383 0.05103 0.04407 0.00288 0.05431
0.08242 0.00460 0.06386 0.05259 0.00973 0.07620 0.02252 0.04729 0.05285 0.06293 0.01171 0.06948 0.01300 0.04798 0.04794 0.11611 0.12832 0.03987 0.01131 0.03927
0.05752 0.00575 0.02604 0.06503 0.01286 0.08392 0.01473 0.15851 0.05763 0.09595 0.02557 0.03808 0.05684 0.04801 0.04419 0.06136 0.08742 0.04489 0.00337 0.01233
0.05572 0.00370 0.05013 0.09917 0.02841 0.05315 0.01707 0.01206 0.12961 0.03883 0.00964 0.05034 0.10600 0.04204 0.10483 0.06549 0.06150 0.03329 0.00239 0.03662
0.07430 0.00375 0.04802 0.10197 0.00735 0.02032 0.02736 0.05924 0.08834 0.04494 0.00976 0.07352 0.03823 0.07455 0.05491 0.09795 0.06386 0.05230 0.01766 0.04165
0.07418 0.00748 0.01990 0.04437 0.03318 0.03377 0.01325 0.08016 0.05311 0.12968 0.05416 0.03270 0.04860 0.02666 0.05864 0.15535 0.06146 0.05451 0.00421 0.01462
0.07114 0.00811 0.07853 0.03190 0.08783 0.01664 0.03698 0.13625 0.06675 0.07859 0.03229 0.02142 0.02292 0.03534 0.02366 0.08030 0.05172 0.08207 0.00452 0.03304
0.09493 0.00387 0.04506 0.10589 0.02499 0.03997 0.01766 0.02381 0.09157 0.06444 0.01006 0.05980 0.05693 0.07449 0.05501 0.12442 0.04871 0.02645 0.00249 0.02945
0.05439 0.00391 0.07422 0.06193 0.00765 0.05454 0.04948 0.05086 0.06184 0.03278 0.01016 0.03590 0.03370 0.08804 0.08713 0.11834 0.13393 0.01973 0.00251 0.01895
0.04623 0.00405 0.08160 0.10950 0.00803 0.08072 0.04213 0.05297 0.09984 0.05422 0.01048 0.03542 0.03018 0.04252 0.04879 0.06420 0.10895 0.02985 0.01787 0.03244
0.09285 0.02191 0.05376 0.08220 0.02513 0.04491 0.01525 0.07464 0.04784 0.08843 0.01492 0.02875 0.02437 0.03410 0.10859 0.10356 0.06988 0.03245 0.02366 0.01279
0.04730 0.00400 0.09926 0.09300 0.01998 0.06270 0.04389 0.01957 0.07701 0.11944 0.01040 0.05556 0.02622 0.07953 0.05842 0.04872 0.05391 0.05188 0.00257 0.02663
0.07339 0.01594 0.03442 0.10423 0.00908 0.02119 0.03373 0.05269 0.07553 0.04287 0.01144 0.03513 0.05787 0.05829 0.14400 0.08147 0.08495 0.04998 0.00279 0.01099
0.06503 0.00467 0.09478 0.06065 0.02139 0.04004 0.01773 0.03293 0.10450 0.07849 0.01197 0.03556 0.06014 0.05517 0.08478 0.07304 0.06726 0.06097 0.00290 0.02800
0.08595 0.00528 0.03606 0.13386 0.02716 0.02058 0.01678 0.05814 0.07221 0.07367 0.01337 0.03284 0.04445 0.07584 0.05007 0.08250 0.04618 0.06363 0.00319 0.05826
0.07915 0.00522 0.03131 0.09534 0.02804 0.04937 0.01663 0.02926 0.08728 0.06404 0.03188 0.03256 0.01381 0.07702 0.05861 0.08321 0.11778 0.02772 0.04795 0.02381
0.06525 0.03956 0.07095 0.12478 0.03033 0.03733 0.05378 0.03881 0.10222 0.03117 0.01041 0.03675 0.01466 0.07968 0.09905 0.06968 0.03760 0.04496 0.00257 0.01044
0.04669 0.00577 0.06540 0.05078 0.04393 0.04731 0.01602 0.03524 0.09858 0.06663 0.04548 0.04150 0.01343 0.03646 0.07840 0.08396 0.12630 0.05548 0.00342 0.03922
0.04720 0.00447 0.05105 0.06007 0.02455 0.08184 0.03403 0.03210 0.09645 0.12696 0.01149 0.06146 0.03239 0.06743 0.04893 0.08491 0.06446 0.02309 0.01481 0.03234
0.06102 0.02977 0.05110 0.12365 0.00785 0.08474 0.03310 0.04443 0.09418 0.07664 0.01648 0.06271 0.03166 0.06193 0.03752 0.06507 0.04383 0.02017 0.00254 0.05159
0.10939 0.00773 0.03865 0.03425 0.04615 0.03433 0.01322 0.06975 0.04325 0.11905 0.01897 0.03865 0.04820 0.02624 0.10613 0.04499 0.08071 0.08670 0.01864 0.01499
0.06224 0.00400 0.06593 0.06105 0.03407 0.03791 0.03123 0.02488 0.12591 0.06222 0.02392 0.05136 0.01421 0.06450 0.08678 0.07774 0.12757 0.03163 0.00255 0.01030
0.09087 0.00393 0.06580 0.12791 0.01868 0.02113 0.04538 0.02322 0.09605 0.03120 0.01020 0.04682 0.06480 0.04290 0.05368 0.04749 0.09745 0.05080 0.00252 0.05916
0.06423 0.00521 0.08211 0.11590 0.05616 0.04631 0.01640 0.05911 0.05419 0.02978 0.01318 0.04960 0.05480 0.03823 0.04593 0.05461 0.07534 0.05325 0.01947 0.06620
0.11135 0.00457 0.04293 0.09178 0.00944 0.02082 0.01711 0.04217 0.07829 0.05888 0.01171 0.05462 0.03041 0.05244 0.08241 0.07434 0.07005 0.10389 0.01439 0.02841
0.08347 0.00501 0.11184 0.10344 0.05819 0.05416 0.03241 0.05219 0.05550 0.04905 0.02643 0.04503 0.01377 0.05048 0.05024 0.06145 0.03686 0.07767 0.00305 0.02974
0.08489 0.00384 0.03645 0.07940 0.00743 0.10587 0.01792 0.02874 0.12301 0.03096 0.01003 0.05734 0.03162 0.06891 0.07330 0.12092 0.08743 0.01926 0.00249 0.01018
0.09743 0.00444 0.04388 0.12681 0.02552 0.04672 0.02941 0.03844 0.05941 0.04266 0.02956 0.05197 0.01417 0.05512 0.08062 0.09828 0.07257 0.03373 0.03831 0.01093
0.05626 0.00385 0.11762 0.11489 0.00744 0.05114 0.03385 0.02855 0.06339 0.05672 0.03008 0.07132 0.07347 0.06296 0.06784 0.08073 0.03724 0.02996 0.00249 0.01019
0.04688 0.00395 0.08662 0.10668 0.00772 0.09206 0.03378 0.01304 0.06271 0.09659 0.03036 0.07042 0.01451 0.07908 0.05044 0.06631 0.06166 0.04726 0.00254 0.02739
0.06586 0.00474 0.04040 0.09012 0.08577 0.09236 0.01692 0.03734 0.09263 0.05696 0.02859 0.03368 0.06060 0.07337 0.05199 0.06701 0.03695 0.05048 0.00292 0.01131
0.09061 0.02152 0.04323 0.08638 0.03883 0.02991 0.01660 0.03965 0.09035 0.07929 0.01275 0.06173 0.01376 0.07057 0.04847 0.09299 0.07283 0.05915 0.01971 0.01167
0.09724 0.00527 0.04465 0.06987 0.02293 0.03534 0.01574 0.03050 0.05140 0.13417 0.04018 0.03051 0.04450 0.06808 0.08852 0.07077 0.07109 0.06425 0.00316 0.01184
0.08917 0.00539 0.02866 0.08314 0.02327 0.03646 0.01561 0.07771 0.09337 0.13629 0.02478 0.05496 0.02861 0.05195 0.04817 0.08556 0.03572 0.06600 0.00321 0.01198
0.07457 0.02110 0.06794 0.10286 0.05375 0.03774 0.02979 0.01333 0.09759 0.08471 0.01039 0.03622 0.03966 0.07314 0.07230 0.05967 0.07408 0.03822 0.00256 0.01038
0.04684 0.02118 0.06616 0.07344 0.00803 0.07679 0.03393 0.03004 0.07966 0.07267 0.01053 0.07573 0.07247 0.08648 0.05395 0.04800 0.05605 0.05885 0.00259 0.02661
0.09885 0.00460 0.03358 0.05861 0.00950 0.11052 0.02715 0.04240 0.08175 0.09274 0.01177 0.04491 0.02952 0.05738 0.08550 0.09251 0.05821 0.04649 0.00285 0.01116
0.08297 0.04889 0.03409 0.11705 0.02369 0.05854 0.05305 0.01495 0.09349 0.03374 0.01100 0.05088 0.02947 0.06110 0.03673 0.08984 0.04802 0.08982 0.00269 0.01999
0.06238 0.00400 0.04655 0.08615 0.04598 0.07205 0.01750 0.02700 0.11853 0.07738 0.01036 0.06176 0.01428 0.08164 0.06082 0.08234 0.06485 0.03775 0.00255 0.02612
0.08374 0.02547 0.03767 0.07247 0.03265 0.03542 0.04670 0.09115 0.04200 0.08681 0.06396 0.04686 0.02393 0.05991 0.04041 0.06380 0.04872 0.06336 0.02066 0.01432
0.08281 0.00629 0.05037 0.04552 0.09745 0.03551 0.03550 0.05714 0.06994 0.06243 0.01567 0.02802 0.01278 0.05631 0.07685 0.04109 0.10076 0.03440 0.03265 0.05850
0.04488 0.02128 0.03450 0.04955 0.03719 0.01671 0.02520 0.09455 0.04243 0.16760 0.02006 0.02145 0.04120 0.06966 0.03939 0.08637 0.05314 0.07808 0.02870 0.02806
0.08204 0.02720 0.10075 0.07175 0.03312 0.02898 0.05828 0.03937 0.04414 0.11281 0.01643 0.04410 0.06181 0.03173 0.02905 0.04013 0.07467 0.04815 0.02065 0.03482
0.08031 0.01718 0.02803 0.04905 0.02908 0.06388 0.05260 0.02423 0.05899 0.09228 0.01489 0.07726 0.03372 0.03537 0.06078 0.12746 0.05867 0.06582 0.00350 0.02691
0.11371 0.02260 0.03185 0.07502 0.01069 0.03636 0.04992 0.05745 0.08375 0.08725 0.01277 0.06501 0.05967 0.05573 0.03506 0.08948 0.04883 0.02654 0.01479 0.02352
0.09496 0.00446 0.07476 0.09749 0.00905 0.07425 0.01773 0.03584 0.06129 0.04628 0.02739 0.04641 0.01454 0.08609 0.04961 0.08835 0.06746 0.06092 0.03204 0.01107
0.08100 0.00444 0.03515 0.10935 0.00901 0.02154 0.05109 0.04831 0.07242 0.03715 0.01143 0.04313 0.08058 0.09189 0.04986 0.06425 0.10409 0.03969 0.02293 0.02268
0.08095 0.02366 0.02727 0.06733 0.04107 0.03175 0.01564 0.06023 0.06432 0.05539 0.01583 0.02928 0.04297 0.07106 0.04817 0.08916 0.12250 0.03461 0.00370 0.07509
0.11751 0.00667 0.06302 0.04548 0.02758 0.01914 0.01529 0.06867 0.04642 0.07372 0.01657 0.08737 0.04252 0.06757 0.03040 0.05934 0.07524 0.10529 0.00386 0.02834
0.08332 0.00418 0.05113 0.08544 0.01993 0.02160 0.03147 0.01424 0.07397 0.11079 0.01083 0.05672 0.07024 0.05970 0.07139 0.06015 0.08567 0.05015 0.00266 0.03641
0.07596 0.02308 0.11272 0.09532 0.00952 0.03488 0.01737 0.05736 0.08853 0.05276 0.02854 0.05030 0.02620 0.05325 0.05595 0.06398 0.04925 0.07437 0.01942 0.01123
0.08133 0.00607 0.06967 0.10949 0.02654 0.03198 0.01643 0.03699 0.05236 0.13859 0.03287 0.03131 0.02274 0.05906 0.03353 0.07432 0.08300 0.07690 0.00358 0.01323
0.12504 0.03807 0.07921 0.08355 0.04135 0.03751 0.03439 0.06145 0.06640 0.05095 0.01459 0.03225 0.04148 0.04731 0.03445 0.07432 0.04721 0.05224 0.00345 0.03478
0.07488 0.00455 0.03582 0.09432 0.00924 0.04090 0.04638 0.04517 0.10690 0.04432 0.02256 0.05716 0.06876 0.04377 0.03864 0.12923 0.06933 0.04407 0.00285 0.02116
0.07872 0.02514 0.03773 0.08706 0.03357 0.05956 0.04175 0.03500 0.10713 0.06354 0.04303 0.03251 0.04389 0.04762 0.04357 0.05628 0.07630 0.05985 0.00342 0.02434
0.08988 0.00527 0.06141 0.09500 0.02266 0.02999 0.03018 0.03655 0.05775 0.11008 0.03034 0.05495 0.02663 0.05289 0.06565 0.05378 0.04849 0.02784 0.02146 0.07921
0.09896 0.01683 0.03447 0.10123 0.02223 0.07023 0.01774 0.01785 0.07745 0.10340 0.01246 0.05259 0.04526 0.07822 0.04506 0.06041 0.06881 0.06207 0.00301 0.01171
0.06717 0.00390 0.04866 0.07720 0.03904 0.04922 0.03351 0.02405 0.08795 0.02132 0.02162 0.09185 0.04998 0.10459 0.07555 0.07315 0.06405 0.04291 0.00252 0.02176
0.08987 0.00954 0.02868 0.03344 0.06885 0.04083 0.02569 0.15145 0.04908 0.05761 0.04162 0.01898 0.01126 0.02164 0.03807 0.06227 0.07755 0.08259 0.03845 0.05257
0.07640 0.00451 0.08221 0.06433 0.05676 0.05131 0.03584 0.03282 0.08159 0.03787 0.01163 0.04970 0.06206 0.04498 0.07606 0.07844 0.09925 0.04005 0.00285 0.01134
0.09240 0.00507 0.04851 0.05962 0.02540 0.05507 0.05209 0.01888 0.08362 0.08575 0.01293 0.03518 0.02351 0.07204 0.07908 0.06046 0.03889 0.11980 0.00311 0.02859
0.09778 0.01020 0.02673 0.02346 0.05194 0.01620 0.02648 0.09082 0.06051 0.08186 0.05204 0.01778 0.02485 0.02008 0.02027 0.12434 0.03745 0.17393 0.00557 0.03772
0.08468 0.00459 0.05217 0.11251 0.02068 0.04923 0.02703 0.01616 0.06311 0.13120 0.02868 0.05818 0.05232 0.06959 0.07043 0.04962 0.03903 0.03576 0.02363 0.01140
0.04937 0.00403 0.07204 0.14424 0.02181 0.10258 0.01887 0.02498 0.13717 0.02194 0.01050 0.07565 0.02740 0.04656 0.05347 0.09906 0.03918 0.02015 0.00261 0.02837
0.08888 0.00406 0.08579 0.13136 0.02041 0.05902 0.01864 0.02997 0.08458 0.03880 0.01057 0.05498 0.01518 0.07434 0.06843 0.09703 0.03884 0.04547 0.00262 0.03103
0.08091 0.00476 0.04556 0.07234 0.02764 0.09299 0.01788 0.03785 0.09166 0.09409 0.01219 0.08903 0.01471 0.04288 0.05067 0.11308 0.04854 0.02470 0.00295 0.03557
0.05882 0.00999 0.01436 0.02557 0.02422 0.02641 0.01252 0.10824 0.02775 0.13318 0.06250 0.04631 0.04315 0.03501 0.03852 0.07216 0.14317 0.07842 0.02145 0.01828
0.06561 0.03020 0.04628 0.08628 0.01101 0.06450 0.01772 0.01958 0.05953 0.07187 0.02338 0.05882 0.04180 0.04188 0.03723 0.16164 0.09016 0.03534 0.00318 0.03397
0.07462 0.00413 0.05548 0.13036 0.00804 0.06277 0.03082 0.03502 0.07878 0.02260 0.02109 0.03870 0.02753 0.08665 0.04951 0.10370 0.09185 0.03978 0.00266 0.03590
0.09601 0.02052 0.03965 0.06180 0.04037 0.03637 0.01425 0.06715 0.03951 0.09873 0.05882 0.03671 0.07582 0.03589 0.05721 0.04828 0.06669 0.08629 0.00444 0.01547
0.08413 0.02143 0.08529 0.09287 0.00780 0.08846 0.03093 0.01312 0.08024 0.02197 0.01047 0.04758 0.01506 0.09292 0.03998 0.07896 0.10749 0.05217 0.00260 0.02654
0.07988 0.00669 0.02658 0.05891 0.04386 0.03709 0.01557 0.08431 0.09261 0.10541 0.01663 0.05078 0.06425 0.05142 0.03103 0.08865 0.04944 0.07907 0.00387 0.01396
0.07384 0.00871 0.02095 0.08910 0.04485 0.03749 0.01449 0.07700 0.05574 0.09673 0.02137 0.02447 0.01274 0.02846 0.04598 0.08546 0.12186 0.10555 0.00488 0.03036
0.07064 0.01612 0.05489 0.12303 0.01794 0.03442 0.03600 0.01339 0.08892 0.02248 0.01074 0.09752 0.01554 0.07838 0.05828 0.08123 0.07994 0.08699 0.00266 0.01088
0.05876 0.00430 0.05930 0.07846 0.03294 0.06126 0.04842 0.01439 0.08064 0.08248 0.01115 0.05776 0.03706 0.04629 0.08094 0.10928 0.08483 0.02176 0.01888 0.01111
0.04852 0.03156 0.02017 0.05417 0.03867 0.09029 0.01414 0.07590 0.03724 0.14061 0.02129 0.02371 0.03859 0.04615 0.05685 0.08696 0.09311 0.06054 0.00485 0.01667
0.08989 0.00533 0.04656 0.05919 0.01131 0.06055 0.01778 0.05724 0.12992 0.04800 0.04153 0.03507 0.02727 0.06158 0.04503 0.07654 0.10427 0.04595 0.00324 0.03376
0.08317 0.00433 0.07433 0.15342 0.00857 0.03425 0.03585 0.03548 0.07392 0.05657 0.02858 0.07165 0.02580 0.04613 0.06935 0.06736 0.05397 0.03245 0.02079 0.02402
0.05877 0.01745 0.07492 0.11305 0.05795 0.02260 0.01865 0.02793 0.11861 0.07274 0.01168 0.03777 0.01527 0.09539 0.05707 0.09627 0.05206 0.03756 0.00286 0.01140
0.06011 0.00403 0.07325 0.10990 0.02792 0.02213 0.01833 0.01325 0.06465 0.04270 0.01049 0.04959 0.07696 0.10193 0.05804 0.09975 0.09787 0.03202 0.00260 0.03450
0.07457 0.00432 0.04796 0.07834 0.04318 0.11675 0.01802 0.03830 0.06274 0.04409 0.01115 0.05868 0.03657 0.05989 0.10542 0.09593 0.05655 0.03391 0.00273 0.01092
0.05706 0.03224 0.08291 0.08592 0.05785 0.03301 0.01739 0.04871 0.06752 0.05417 0.01246 0.03459 0.04251 0.11177 0.05943 0.04728 0.09321 0.02555 0.00300 0.03342
0.12568 0.00451 0.06369 0.12369 0.00921 0.05952 0.01755 0.03880 0.06042 0.04525 0.01157 0.05430 0.02289 0.04231 0.03738 0.11327 0.05578 0.06413 0.00282 0.04724
0.08953 0.00392 0.11735 0.08950 0.00763 0.09103 0.02816 0.04704 0.07927 0.03271 0.03367 0.04474 0.02431 0.04389 0.09174 0.05781 0.07377 0.01971 0.00252 0.02169
0.06659 0.07042 0.05842 0.05819 0.07142 0.06033 0.01575 0.04374 0.06953 0.07834 0.01453 0.03918 0.08416 0.04332 0.05880 0.05556 0.03662 0.03779 0.00342 0.03389
0.07726 0.00389 0.04510 0.11977 0.00752 0.03015 0.02959 0.02340 0.08602 0.04091 0.01014 0.08389 0.05117 0.05409 0.09684 0.05680 0.11087 0.05977 0.00252 0.01029
0.05551 0.00498 0.05087 0.09146 0.01053 0.05299 0.03364 0.05085 0.05672 0.09058 0.02507 0.03339 0.06066 0.03990 0.05287 0.11734 0.09658 0.06136 0.00304 0.01166
0.04516 0.02877 0.04352 0.02323 0.07011 0.05673 0.01172 0.05417 0.10819 0.17636 0.04770 0.01738 0.03256 0.01968 0.01975 0.05690 0.05385 0.09864 0.00526 0.03034
0.04747 0.03688 0.07550 0.10924 0.07032 0.03862 0.02969 0.02601 0.07682 0.02763 0.03962 0.04608 0.06451 0.04085 0.05394 0.06644 0.03767 0.07783 0.00300 0.03189
0.08893 0.00728 0.02325 0.05547 0.04069 0.04602 0.01454 0.06187 0.04203 0.07154 0.03933 0.04800 0.05095 0.05179 0.05177 0.08932 0.09214 0.07788 0.00415 0.04304
0.05847 0.04099 0.04154 0.08595 0.03099 0.09932 0.01636 0.02238 0.07694 0.03251 0.01421 0.04027 0.03506 0.03757 0.04360 0.05726 0.08271 0.07984 0.01561 0.08844
0.11524 0.00428 0.05752 0.11156 0.03571 0.03123 0.03859 0.04688 0.07142 0.02361 0.02314 0.03712 0.08546 0.05707 0.06030 0.06132 0.08806 0.02176 0.00272 0.02699
0.06229 0.00460 0.06988 0.08597 0.00932 0.05395 0.01854 0.03710 0.08819 0.05893 0.01185 0.03746 0.02745 0.04491 0.05915 0.11566 0.11871 0.05731 0.00289 0.03581
0.11369 0.01626 0.03446 0.07603 0.00995 0.04536 0.01768 0.03156 0.06955 0.06792 0.01227 0.08906 0.02325 0.05902 0.07610 0.08189 0.09282 0.06856 0.00297 0.01158
0.13177 0.00393 0.09216 0.08522 0.00756 0.03857 0.02628 0.01264 0.13078 0.02985 0.02122 0.03794 0.02737 0.05738 0.10237 0.07640 0.08596 0.01963 0.00255 0.01044
0.06616 0.00527 0.04301 0.08879 0.03517 0.03863 0.01699 0.06366 0.08737 0.04630 0.06374 0.03334 0.03878 0.05658 0.06309 0.09563 0.06199 0.05090 0.00319 0.04140
0.04701 0.02793 0.07369 0.08866 0.04057 0.05461 0.03660 0.05319 0.04848 0.05412 0.04402 0.02923 0.06330 0.03462 0.05589 0.07826 0.06947 0.06661 0.00370 0.03004
0.12255 0.02915 0.04755 0.06869 0.00899 0.03004 0.05397 0.02659 0.12799 0.06421 0.02778 0.03582 0.05873 0.07593 0.05803 0.06910 0.03789 0.02280 0.01129 0.02287
0.09266 0.02788 0.05079 0.10747 0.00894 0.02156 0.01777 0.02396 0.12090 0.04680 0.04434 0.03589 0.07035 0.06493 0.05382 0.08234 0.03790 0.07793 0.00278 0.01102
0.12189 0.01268 0.05155 0.11724 0.00838 0.03980 0.01799 0.02491 0.11022 0.08480 0.02324 0.07618 0.05883 0.06019 0.03865 0.04886 0.04235 0.04878 0.00268 0.01076
0.05940 0.02606 0.08450 0.10426 0.05069 0.08042 0.01685 0.05022 0.07643 0.04862 0.02310 0.03304 0.02982 0.05610 0.04779 0.05452 0.04906 0.03986 0.00317 0.06607
0.06309 0.00593 0.07036 0.04997 0.06186 0.03649 0.04354 0.05752 0.05873 0.09285 0.04470 0.09632 0.02489 0.03598 0.05531 0.08285 0.04704 0.04430 0.00349 0.02479
0.06651 0.00434 0.06191 0.09395 0.00876 0.02143 0.02939 0.03635 0.08853 0.07680 0.04352 0.04303 0.04117 0.05379 0.04964 0.08804 0.09071 0.04753 0.00274 0.05187
0.08319 0.00478 0.06184 0.07532 0.01964 0.07965 0.01714 0.04409 0.05818 0.05444 0.03011 0.03414 0.04677 0.05323 0.06322 0.13854 0.07358 0.03400 0.00294 0.02520
0.09918 0.02560 0.09696 0.03011 0.02764 0.03765 0.01272 0.06108 0.04427 0.10785 0.03271 0.02064 0.02612 0.02382 0.03960 0.10818 0.07742 0.07846 0.02116 0.02881
0.06934 0.00389 0.07162 0.11661 0.00755 0.04264 0.05061 0.02814 0.09062 0.06956 0.01013 0.06443 0.02550 0.06719 0.05929 0.04867 0.04494 0.05774 0.00251 0.06903
0.06143 0.00391 0.14000 0.07920 0.03806 0.03720 0.04615 0.04970 0.08037 0.05550 0.01017 0.06768 0.04199 0.08940 0.04647 0.04813 0.05112 0.01970 0.00252 0.03131
0.04662 0.00397 0.07151 0.09041 0.03709 0.05764 0.03303 0.03451 0.08704 0.06394 0.01032 0.04742 0.03055 0.05912 0.06614 0.09880 0.08092 0.04645 0.00255 0.03197
0.09212 0.00386 0.07365 0.09021 0.00748 0.03724 0.03312 0.03568 0.10973 0.05388 0.01005 0.08714 0.02210 0.04381 0.04908 0.11167 0.08334 0.02645 0.01923 0.01017
0.07136 0.00393 0.06428 0.12064 0.01586 0.02113 0.02453 0.03672 0.10221 0.05881 0.05310 0.05809 0.04277 0.05714 0.05865 0.08908 0.05436 0.04273 0.00252 0.02207
0.08779 0.01749 0.07123 0.05841 0.01599 0.08887 0.01460 0.05825 0.04303 0.12077 0.01720 0.03645 0.02138 0.03106 0.03743 0.06703 0.05803 0.09776 0.00398 0.05326
0.06681 0.00399 0.09799 0.12789 0.02623 0.06003 0.01863 0.01290 0.09868 0.04037 0.01828 0.05364 0.05159 0.06241 0.07596 0.06872 0.05349 0.04925 0.00258 0.01057
0.05722 0.00563 0.03023 0.09648 0.01231 0.07566 0.02607 0.03438 0.06552 0.07287 0.04487 0.03173 0.01373 0.04813 0.06210 0.13805 0.08402 0.07636 0.01209 0.01256
0.07562 0.00581 0.03705 0.11053 0.02494 0.05261 0.01623 0.05613 0.06147 0.08564 0.03834 0.03988 0.03682 0.03699 0.03327 0.11224 0.11284 0.04736 0.00345 0.01279
0.11409 0.00504 0.08688 0.07002 0.01742 0.08221 0.01674 0.04546 0.05596 0.12420 0.01279 0.06328 0.01387 0.04670 0.05552 0.05794 0.06315 0.02660 0.01978 0.02235
0.05555 0.00747 0.02288 0.05897 0.02996 0.05699 0.01451 0.06662 0.06923 0.12664 0.02586 0.02567 0.05029 0.07168 0.04910 0.06871 0.03717 0.12264 0.00424 0.03582
0.08657 0.02370 0.04298 0.09185 0.00801 0.02149 0.02988 0.01361 0.09408 0.05122 0.02219 0.04451 0.06974 0.08562 0.07094 0.06426 0.09300 0.02056 0.02960 0.03619
0.05992 0.01545 0.05209 0.13901 0.02860 0.04928 0.01703 0.03651 0.08947 0.05679 0.03272 0.04759 0.01972 0.05951 0.07821 0.08033 0.06173 0.03623 0.02919 0.01063
0.06553 0.01510 0.04651 0.12488 0.02530 0.03631 0.03261 0.03714 0.12068 0.07127 0.01013 0.05149 0.04111 0.07272 0.04484 0.08840 0.06374 0.02779 0.00250 0.02197
0.09530 0.00470 0.04343 0.07753 0.02144 0.02021 0.01656 0.06783 0.09094 0.04643 0.01778 0.04732 0.06138 0.04760 0.04883 0.10571 0.08254 0.05815 0.00288 0.04344
0.06722 0.03550 0.01975 0.06491 0.10140 0.04261 0.01341 0.06387 0.04443 0.07860 0.01921 0.03140 0.03772 0.05835 0.06205 0.06086 0.08180 0.07791 0.02385 0.01518
0.08527 0.00592 0.02767 0.05604 0.05985 0.03367 0.01553 0.04497 0.06909 0.04975 0.01482 0.04396 0.07785 0.03494 0.05569 0.09700 0.14730 0.06443 0.00348 0.01278
0.06094 0.00449 0.05822 0.07081 0.02075 0.04688 0.04010 0.02497 0.05879 0.07265 0.04124 0.04233 0.03892 0.09234 0.05367 0.13414 0.04466 0.06142 0.00280 0.02988
0.07680 0.01280 0.06550 0.07553 0.04258 0.06668 0.01746 0.04374 0.10915 0.02878 0.01055 0.04313 0.03102 0.04861 0.07813 0.10187 0.09119 0.03215 0.00259 0.02176
0.10303 0.01047 0.05611 0.09912 0.00839 0.03700 0.01734 0.03262 0.06031 0.08358 0.01080 0.04224 0.01419 0.11920 0.09294 0.09816 0.03678 0.05741 0.00264 0.01767
0.07825 0.00421 0.04951 0.08309 0.03131 0.08139 0.01731 0.06250 0.08752 0.05384 0.01856 0.05317 0.04922 0.05540 0.07235 0.06687 0.06037 0.02759 0.00266 0.04488
0.14512 0.00387 0.04677 0.14295 0.01879 0.07283 0.03421 0.01898 0.08645 0.05462 0.01008 0.04910 0.03187 0.07296 0.03782 0.05329 0.06071 0.01952 0.01432 0.02575
0.07323 0.00456 0.07120 0.09036 0.04944 0.03149 0.02318 0.04579 0.07917 0.10320 0.01164 0.03982 0.01357 0.03923 0.05721 0.11183 0.08654 0.04724 0.00281 0.01849
0.06749 0.01789 0.02697 0.05338 0.03281 0.03588 0.01473 0.06630 0.07492 0.07158 0.01290 0.04881 0.01859 0.11246 0.05311 0.12109 0.10556 0.04468 0.00305 0.01783
0.08085 0.03689 0.06440 0.09434 0.01881 0.09194 0.02667 0.02016 0.06685 0.04326 0.04287 0.05687 0.01980 0.04480 0.03434 0.11582 0.08630 0.04262 0.00250 0.00993
0.06929 0.00463 0.07489 0.05036 0.01628 0.07407 0.01520 0.03160 0.06692 0.08240 0.01844 0.05507 0.06825 0.04161 0.03904 0.06057 0.12289 0.05419 0.00281 0.05149
0.05093 0.00387 0.11464 0.06162 0.02276 0.02677 0.01622 0.02047 0.10921 0.07281 0.01540 0.04672 0.03004 0.04907 0.07544 0.10820 0.05890 0.08712 0.00245 0.02733
0.07177 0.00358 0.05479 0.09134 0.01422 0.06113 0.03233 0.01823 0.08897 0.07397 0.03038 0.07025 0.05755 0.06604 0.05474 0.10449 0.05082 0.03654 0.00231 0.01655
0.06965 0.01844 0.12320 0.09733 0.01418 0.03275 0.04346 0.05329 0.05819 0.02957 0.00950 0.05049 0.07519 0.05284 0.04838 0.12873 0.05327 0.02237 0.00235 0.01685
0.11404 0.03761 0.10000 0.04482 0.05518 0.04569 0.03071 0.02704 0.04575 0.10282 0.02329 0.02402 0.01140 0.03927 0.03190 0.13936 0.03317 0.06639 0.01472 0.01283
0.08781 0.00523 0.04303 0.09531 0.03362 0.03147 0.02064 0.07248 0.05209 0.10613 0.02880 0.02757 0.01209 0.05942 0.05027 0.07588 0.12368 0.04912 0.00309 0.02226
0.09312 0.00364 0.07521 0.11104 0.02826 0.01964 0.04249 0.03305 0.10423 0.06326 0.01965 0.05457 0.03381 0.04608 0.04260 0.08327 0.05846 0.02434 0.00234 0.06093
0.08213 0.00349 0.04566 0.10369 0.03746 0.03659 0.02796 0.02163 0.13024 0.05845 0.00909 0.08630 0.02587 0.07282 0.07351 0.07452 0.04690 0.04608 0.00226 0.01533
0.04920 0.00394 0.08431 0.09575 0.03864 0.04793 0.03855 0.03954 0.05922 0.06445 0.01629 0.04678 0.05877 0.05659 0.03295 0.09616 0.06154 0.08105 0.00247 0.02589
0.09160 0.00341 0.12654 0.13637 0.03358 0.04264 0.01597 0.03372 0.08338 0.02912 0.02321 0.05687 0.04785 0.06034 0.05637 0.05617 0.07454 0.01706 0.00221 0.00905
0.06380 0.00357 0.07628 0.12881 0.00701 0.03171 0.02314 0.03833 0.06674 0.11656 0.00925 0.03987 0.04226 0.05266 0.04078 0.07513 0.10647 0.05924 0.00228 0.01612
0.10762 0.00382 0.08434 0.07129 0.01646 0.04419 0.01549 0.01969 0.06540 0.08102 0.03622 0.04516 0.03045 0.05767 0.04401 0.11197 0.06923 0.06204 0.00240 0.03152
0.04751 0.00496 0.11850 0.05277 0.03951 0.02363 0.02123 0.04141 0.07875 0.08804 0.04928 0.03837 0.01986 0.04342 0.04199 0.08514 0.05294 0.11475 0.00295 0.03500
0.08063 0.01076 0.04932 0.05979 0.05302 0.03906 0.05416 0.05936 0.06406 0.07684 0.03233 0.04256 0.10210 0.03992 0.04011 0.05641 0.07633 0.04966 0.00286 0.01072
0.06413 0.02548 0.08486 0.09257 0.06614 0.05977 0.01366 0.06225 0.07174 0.07120 0.04796 0.03317 0.04499 0.03094 0.04207 0.06475 0.05310 0.05079 0.00298 0.01745
0.08062 0.03511 0.04923 0.10527 0.01507 0.05329 0.02250 0.05737 0.05515 0.06794 0.02512 0.07813 0.04727 0.04057 0.03002 0.07479 0.06409 0.07812 0.00269 0.01766
0.07512 0.03087 0.03914 0.06529 0.02009 0.04391 0.01377 0.06244 0.06793 0.11190 0.01760 0.03246 0.05420 0.05967 0.04484 0.08974 0.09002 0.04264 0.00276 0.03561
0.07650 0.00406 0.06525 0.06477 0.04526 0.04909 0.02488 0.04127 0.07623 0.09498 0.03657 0.02870 0.03044 0.04618 0.07903 0.07280 0.09138 0.04902 0.00250 0.02108
0.09802 0.01664 0.01800 0.08998 0.06063 0.01479 0.02573 0.06183 0.05521 0.07425 0.02829 0.02917 0.04902 0.05755 0.02890 0.06318 0.12587 0.06336 0.00942 0.03016
0.07565 0.01554 0.03541 0.09917 0.05100 0.06394 0.04612 0.02565 0.09310 0.06359 0.02285 0.02669 0.04741 0.04527 0.03360 0.09936 0.03568 0.04691 0.03391 0.03914
0.11782 0.00936 0.03938 0.07389 0.03800 0.05635 0.01319 0.05528 0.05249 0.08433 0.01973 0.04128 0.03613 0.03016 0.07970 0.13128 0.03449 0.06780 0.00276 0.01659
0.07550 0.01396 0.02955 0.17176 0.03877 0.05031 0.03883 0.03559 0.05527 0.05034 0.02169 0.02683 0.03347 0.09537 0.04640 0.05616 0.04964 0.03727 0.02503 0.04825
0.08972 0.01887 0.05740 0.10201 0.01489 0.03854 0.01403 0.05887 0.06353 0.07633 0.02696 0.03167 0.05873 0.06157 0.04207 0.12309 0.06822 0.02828 0.00958 0.01564
0.08635 0.00930 0.02945 0.14045 0.02863 0.03834 0.02024 0.01501 0.07817 0.02667 0.01345 0.04997 0.03689 0.06242 0.08813 0.11284 0.07571 0.01581 0.00203 0.07015
0.08577 0.00311 0.04885 0.12416 0.02568 0.05439 0.03339 0.02629 0.08310 0.05055 0.01958 0.06128 0.03993 0.06243 0.05314 0.07833 0.06045 0.07497 0.00201 0.01258
0.07394 0.01724 0.06067 0.10938 0.03494 0.05837 0.03446 0.04839 0.08533 0.07672 0.00844 0.06419 0.04621 0.05649 0.04000 0.05530 0.07936 0.02820 0.00471 0.01766
0.06039 0.00327 0.06478 0.09720 0.03440 0.05385 0.03539 0.04291 0.11141 0.06504 0.03316 0.05282 0.03022 0.04604 0.03740 0.08193 0.06133 0.04334 0.00906 0.03608
0.07211 0.00346 0.04813 0.06921 0.03962 0.05855 0.02226 0.03201 0.06178 0.05591 0.03436 0.05861 0.07264 0.05881 0.05150 0.05534 0.08588 0.09503 0.00217 0.02265
0.05078 0.01920 0.07271 0.08151 0.02829 0.01686 0.02508 0.07449 0.07652 0.05890 0.00849 0.03295 0.05119 0.06023 0.07876 0.11327 0.08761 0.05271 0.00209 0.00837
0.09403 0.00307 0.05250 0.14746 0.01131 0.02729 0.02055 0.04538 0.05846 0.03077 0.00802 0.05515 0.03725 0.09799 0.05744 0.14161 0.07807 0.02348 0.00199 0.00817
0.06285 0.00330 0.12176 0.07557 0.03864 0.02567 0.01372 0.03500 0.07317 0.08586 0.03601 0.03315 0.03787 0.07924 0.06846 0.10431 0.03720 0.02286 0.02181 0.02357
0.10849 0.01374 0.03255 0.10470 0.01920 0.03560 0.03463 0.04903 0.05995 0.07821 0.01762 0.04084 0.06261 0.07588 0.05602 0.07344 0.04757 0.03742 0.02701 0.02548
0.06183 0.02753 0.07011 0.07587 0.01096 0.05432 0.02514 0.03947 0.08578 0.08253 0.00795 0.08112 0.02019 0.04835 0.05941 0.08970 0.08266 0.02844 0.00836 0.04027
0.07509 0.02161 0.04503 0.14730 0.01224 0.03534 0.02649 0.05432 0.09835 0.04075 0.02475 0.06349 0.04747 0.06763 0.05030 0.06812 0.05551 0.03761 0.00190 0.02670
0.05988 0.01194 0.05954 0.08965 0.03930 0.03689 0.03393 0.06726 0.05781 0.07566 0.00834 0.06640 0.07132 0.04244 0.07035 0.09145 0.04574 0.03466 0.02016 0.01728
0.10500 0.00314 0.06197 0.06773 0.01535 0.02176 0.01319 0.04486 0.09949 0.12233 0.03585 0.07125 0.05618 0.04804 0.04052 0.06886 0.06182 0.03139 0.00199 0.02928
0.08381 0.00296 0.05061 0.15628 0.00574 0.02751 0.02516 0.09239 0.09497 0.05287 0.02338 0.03309 0.01110 0.08235 0.05336 0.08184 0.06731 0.03888 0.00191 0.01448
0.05116 0.00640 0.08189 0.18488 0.01266 0.01490 0.02561 0.04502 0.08353 0.03952 0.01067 0.06814 0.01005 0.05773 0.07682 0.08995 0.08109 0.04060 0.00171 0.01765
0.07634 0.02542 0.11915 0.10711 0.00499 0.04219 0.03346 0.02847 0.09697 0.04042 0.01272 0.05579 0.06614 0.05327 0.08044 0.05952 0.06091 0.02084 0.00168 0.01416
0.05758 0.02671 0.07693 0.09356 0.00985 0.04710 0.01524 0.02491 0.07439 0.07418 0.01065 0.07617 0.04829 0.04464 0.07699 0.08085 0.04849 0.08438 0.01171 0.01738
0.06243 0.00259 0.10446 0.07758 0.02133 0.05527 0.04747 0.01500 0.06415 0.10046 0.00677 0.04091 0.03461 0.07409 0.07300 0.05641 0.09082 0.02864 0.01658 0.02743
0.03214 0.02374 0.08876 0.11057 0.04291 0.04222 0.03474 0.02453 0.11384 0.04413 0.01709 0.05099 0.04700 0.07377 0.05163 0.10837 0.06169 0.01985 0.00170 0.01034
0.06477 0.00257 0.08839 0.11221 0.01887 0.05531 0.03344 0.01731 0.08801 0.03622 0.02746 0.04767 0.02649 0.04326 0.07138 0.13801 0.04972 0.05756 0.00167 0.01967
0.07024 0.00773 0.11900 0.09636 0.01540 0.02960 0.03049 0.01475 0.10755 0.05571 0.04786 0.05797 0.01853 0.06204 0.07315 0.07947 0.07620 0.01777 0.00166 0.01852
0.08793 0.00264 0.08115 0.05857 0.04262 0.04089 0.01893 0.04282 0.07115 0.06512 0.01045 0.03681 0.01728 0.08880 0.07100 0.09394 0.05782 0.04351 0.00170 0.06686
0.06920 0.00259 0.08948 0.10173 0.01375 0.03137 0.01776 0.04291 0.08451 0.11424 0.03024 0.07731 0.08362 0.05927 0.04262 0.04599 0.03463 0.05025 0.00167 0.00683
0.08202 0.01061 0.07208 0.12533 0.01575 0.02333 0.02070 0.03652 0.07619 0.08041 0.00676 0.10358 0.05810 0.03487 0.06050 0.08309 0.04603 0.03853 0.01192 0.01367
0.13395 0.02426 0.05691 0.07350 0.05300 0.02935 0.01895 0.03289 0.06604 0.06839 0.00758 0.06912 0.02392 0.02720 0.06517 0.08576 0.09368 0.04409 0.01088 0.01536
0.06717 0.00727 0.05959 0.06322 0.04858 0.02520 0.02070 0.02813 0.11703 0.07534 0.01391 0.06455 0.02758 0.09576 0.04679 0.07059 0.08194 0.05821 0.01603 0.01239
0.09129 0.01086 0.04138 0.07634 0.01338 0.02929 0.02253 0.03118 0.06442 0.04932 0.02708 0.09439 0.03870 0.07189 0.05746 0.11301 0.12097 0.01245 0.00161 0.03245
0.06444 0.00615 0.06370 0.09312 0.01913 0.01850 0.01559 0.05694 0.06121 0.06320 0.02165 0.09481 0.02409 0.05189 0.03819 0.13899 0.09706 0.05490 0.00167 0.01478
0.04386 0.01749 0.06924 0.05747 0.05795 0.03370 0.02849 0.07677 0.03959 0.12549 0.01871 0.06181 0.05145 0.04121 0.03778 0.07371 0.03820 0.07732 0.00211 0.04764
0.06563 0.03171 0.05475 0.11245 0.01846 0.04893 0.04791 0.05083 0.04253 0.10501 0.01737 0.03154 0.03961 0.06512 0.02682 0.13488 0.04008 0.02188 0.00176 0.04273
0.07574 0.01123 0.11347 0.09975 0.01526 0.03943 0.04618 0.02306 0.07811 0.03931 0.00640 0.08940 0.03806 0.06661 0.07810 0.04135 0.07781 0.02713 0.00470 0.02889
0.08703 0.02565 0.05367 0.03784 0.05589 0.01528 0.01625 0.08469 0.04022 0.14689 0.03666 0.04083 0.03941 0.02728 0.03319 0.11976 0.03020 0.06201 0.00261 0.04464
0.11744 0.00807 0.05901 0.08702 0.02017 0.04131 0.02464 0.06628 0.05182 0.08345 0.01507 0.07270 0.02485 0.06137 0.03952 0.05059 0.09328 0.03080 0.01276 0.03984
0.08019 0.01551 0.06496 0.13276 0.01261 0.04801 0.01667 0.02692 0.06919 0.05648 0.01000 0.10121 0.03651 0.03074 0.04235 0.12159 0.06872 0.03793 0.00949 0.01816
0.08659 0.00594 0.06028 0.11066 0.02250 0.02955 0.03158 0.03569 0.10265 0.04137 0.02216 0.04073 0.05423 0.10219 0.08912 0.04930 0.03535 0.06134 0.01227 0.00649
0.08271 0.00255 0.05149 0.06897 0.02465 0.05769 0.03916 0.05248 0.06961 0.05703 0.01825 0.04425 0.05555 0.05995 0.03111 0.16419 0.04385 0.05166 0.00504 0.01982
0.09616 0.04698 0.04617 0.09469 0.03127 0.04086 0.01395 0.05547 0.04865 0.05151 0.03209 0.04298 0.04387 0.07257 0.09108 0.04039 0.09830 0.02999 0.01265 0.01037
0.07741 0.02039 0.06902 0.07750 0.02371 0.05818 0.01066 0.06323 0.06719 0.08313 0.02973 0.02832 0.03631 0.07739 0.04451 0.07457 0.09759 0.03710 0.00169 0.02239
0.10807 0.00234 0.10151 0.10954 0.05559 0.03036 0.01800 0.01449 0.06123 0.06929 0.01081 0.05941 0.03168 0.04766 0.05042 0.14355 0.05100 0.02733 0.00152 0.00621
0.11603 0.00238 0.09035 0.06600 0.00462 0.05668 0.01696 0.01038 0.06284 0.06262 0.02198 0.03171 0.05254 0.03403 0.05000 0.13668 0.09438 0.05812 0.01202 0.01967
0.08319 0.00236 0.03589 0.06747 0.01303 0.05907 0.05316 0.05122 0.08112 0.07913 0.01088 0.06610 0.05039 0.04881 0.08765 0.07708 0.06322 0.06247 0.00153 0.00625
0.06245 0.00260 0.02514 0.09265 0.03632 0.06973 0.01899 0.04421 0.09829 0.10318 0.01634 0.03983 0.04142 0.03787 0.07478 0.08252 0.07484 0.04443 0.00476 0.02966
0.10933 0.00533 0.04892 0.08799 0.04731 0.04301 0.01740 0.06991 0.05669 0.04672 0.01971 0.09321 0.03815 0.08368 0.04354 0.08854 0.04466 0.04810 0.00154 0.00626
0.10198 0.00650 0.06674 0.04616 0.05647 0.06130 0.01979 0.02362 0.07616 0.02612 0.00659 0.09602 0.03499 0.02819 0.04642 0.08887 0.07559 0.10208 0.01616 0.02024
0.12228 0.00234 0.11144 0.06477 0.01387 0.03499 0.01987 0.02995 0.06417 0.05645 0.01701 0.02998 0.01839 0.06442 0.04319 0.14292 0.12102 0.02131 0.00399 0.01765
0.07398 0.02355 0.07553 0.07435 0.00835 0.07607 0.02371 0.01387 0.08394 0.02877 0.00931 0.06090 0.05178 0.05062 0.11266 0.09639 0.08372 0.02730 0.00150 0.02372
0.07858 0.01258 0.05955 0.07949 0.01474 0.07010 0.04123 0.05320 0.08138 0.02255 0.00602 0.05282 0.14947 0.04074 0.04143 0.09187 0.06546 0.02729 0.00150 0.01000
0.07640 0.00512 0.13180 0.08721 0.02413 0.02665 0.01573 0.01650 0.08223 0.03825 0.00991 0.03579 0.10331 0.04743 0.07125 0.06680 0.09133 0.04786 0.00149 0.02080
0.13137 0.00628 0.08437 0.12523 0.01383 0.02505 0.01890 0.06204 0.04800 0.06237 0.01427 0.06472 0.02780 0.06075 0.04164 0.11534 0.03372 0.02538 0.01378 0.02517
0.11572 0.01073 0.08602 0.07374 0.00746 0.06663 0.01067 0.03979 0.10190 0.04762 0.01342 0.03146 0.05908 0.04383 0.04869 0.14916 0.04802 0.03848 0.00149 0.00608
0.08030 0.01148 0.05773 0.10824 0.01620 0.03630 0.01445 0.01206 0.07683 0.06293 0.00959 0.04746 0.03757 0.10944 0.06388 0.09299 0.10721 0.02061 0.01236 0.02239
0.04249 0.00309 0.01781 0.07344 0.03380 0.01960 0.04634 0.11585 0.05536 0.11182 0.01644 0.03301 0.05798 0.04291 0.09051 0.07740 0.08322 0.05725 0.00186 0.01983
0.07535 0.00628 0.03838 0.07321 0.01300 0.01465 0.03579 0.05937 0.08089 0.04947 0.00929 0.03732 0.05851 0.06366 0.16191 0.06402 0.04339 0.08244 0.00150 0.03155
0.09921 0.00225 0.03136 0.07187 0.00434 0.05242 0.03983 0.05794 0.08728 0.05848 0.00790 0.05544 0.04411 0.06049 0.05497 0.11287 0.09629 0.02704 0.00467 0.03122
0.04964 0.00298 0.02475 0.05907 0.05315 0.02218 0.06180 0.06950 0.04357 0.09301 0.02465 0.05364 0.01686 0.05841 0.09101 0.10475 0.05242 0.07891 0.02527 0.01442
0.13993 0.00617 0.04812 0.10002 0.02404 0.04257 0.03409 0.04338 0.09161 0.02030 0.01222 0.02899 0.02060 0.05972 0.06941 0.07213 0.09929 0.06093 0.00146 0.02505
0.07509 0.02261 0.03179 0.08880 0.00834 0.04204 0.01784 0.05563 0.06840 0.05388 0.01912 0.05124 0.04815 0.06653 0.08220 0.10320 0.04607 0.10380 0.00151 0.01377
0.05601 0.00224 0.08696 0.07475 0.00832 0.08827 0.03683 0.02809 0.09316 0.02139 0.00585 0.09213 0.02173 0.08819 0.09058 0.09474 0.06128 0.02934 0.00910 0.01103
0.09377 0.02154 0.03683 0.08893 0.01765 0.03396 0.01495 0.01468 0.07634 0.10519 0.01492 0.05601 0.05946 0.04958 0.06756 0.09457 0.06181 0.07075 0.00497 0.01654
0.03862 0.00771 0.06952 0.10575 0.02000 0.04049 0.01057 0.04628 0.09285 0.07499 0.01717 0.03160 0.03490 0.08130 0.09524 0.05880 0.10715 0.03237 0.00150 0.03319
0.09278 0.01574 0.06059 0.11834 0.00764 0.05574 0.01063 0.03896 0.10288 0.04941 0.00828 0.05434 0.08427 0.04482 0.04315 0.07456 0.09057 0.03979 0.00147 0.00603
0.10019 0.00254 0.05731 0.12362 0.03900 0.06900 0.02046 0.06241 0.04157 0.04869 0.01222 0.03259 0.02399 0.04081 0.04484 0.11057 0.07089 0.05430 0.01267 0.03233
0.07806 0.01692 0.05434 0.09051 0.01387 0.07122 0.04123 0.01611 0.05856 0.08312 0.03283 0.06186 0.06515 0.02995 0.04668 0.09095 0.06657 0.05291 0.00357 0.02559
0.08867 0.01093 0.08035 0.10695 0.02180 0.03210 0.02880 0.06480 0.08784 0.04753 0.01302 0.04352 0.04920 0.07475 0.04575 0.09842 0.07153 0.02161 0.00147 0.01094
0.14582 0.01116 0.06948 0.10199 0.02486 0.04026 0.01165 0.04307 0.05614 0.04039 0.01256 0.02987 0.04451 0.04942 0.05410 0.11824 0.08143 0.04013 0.00805 0.01689
0.07338 0.01104 0.07736 0.06540 0.01663 0.08032 0.01563 0.02239 0.05651 0.07701 0.05755 0.03398 0.09137 0.04306 0.06059 0.10850 0.04149 0.03505 0.00147 0.03127
