802
1
0 1.0
20
0.07879 0.01516 0.05352 0.06683 0.03971 0.06951 0.02292 0.05901 0.05944 0.09637 0.02377 0.04144 0.04829 0.03956 0.05410 0.06834 0.05407 0.06734 0.01141 0.03041
0.01227 0.00334 0.00294 0.00434 0.02959 0.00531 0.00603 0.02567 0.00654 0.06280 0.61474 0.00466 0.00371 0.00533 0.00642 0.00834 0.00944 0.02232 0.14227 0.02397
0.01778 0.00304 0.01954 0.28537 0.01159 0.01009 0.00624 0.02330 0.01813 0.48673 0.01278 0.01361 0.00606 0.01290 0.01303 0.01528 0.01356 0.02232 0.00197 0.00668
0.04281 0.00437 0.03280 0.13838 0.00850 0.14370 0.01634 0.01525 0.06079 0.02372 0.01064 0.03242 0.01332 0.03891 0.21863 0.04261 0.03379 0.11016 0.00267 0.01016
0.03424 0.00350 0.15039 0.05476 0.00697 0.16691 0.01266 0.22481 0.03680 0.01842 0.00797 0.13175 0.01151 0.02903 0.02185 0.03474 0.02598 0.01783 0.00197 0.00791
0.03481 0.37706 0.01052 0.11918 0.01575 0.01275 0.00736 0.16342 0.01764 0.04773 0.01661 0.01240 0.00797 0.01287 0.01392 0.02381 0.02601 0.06620 0.00319 0.01078
0.18240 0.00766 0.01102 0.01856 0.03337 0.01383 0.01210 0.03297 0.02074 0.04527 0.01747 0.01495 0.10838 0.01614 0.01645 0.02753 0.02818 0.04057 0.21725 0.13514
0.02858 0.00682 0.00708 0.01234 0.40004 0.00982 0.00916 0.14910 0.12617 0.06446 0.02016 0.01047 0.00696 0.01227 0.01514 0.01919 0.02265 0.05074 0.00555 0.02331
0.01998 0.00238 0.01259 0.02637 0.00343 0.29275 0.01281 0.00694 0.31494 0.01336 0.00561 0.01826 0.00796 0.03078 0.17673 0.02050 0.01723 0.00981 0.00188 0.00569
0.19139 0.00161 0.29180 0.30090 0.00320 0.01865 0.01045 0.00500 0.02666 0.00862 0.00369 0.03221 0.00980 0.02410 0.01402 0.02678 0.01729 0.00802 0.00101 0.00479
0.03399 0.00488 0.02208 0.03422 0.01960 0.01588 0.01329 0.01832 0.04026 0.02758 0.01098 0.02225 0.01010 0.23834 0.02886 0.03109 0.13173 0.02402 0.00443 0.26810
0.03876 0.00980 0.00608 0.01108 0.02733 0.01194 0.00863 0.19357 0.01345 0.17899 0.02777 0.01054 0.00848 0.01166 0.01283 0.02368 0.22446 0.06680 0.09679 0.01736
0.04080 0.00639 0.01739 0.02826 0.01117 0.01794 0.01066 0.02590 0.13804 0.03001 0.01215 0.01977 0.01061 0.02247 0.02714 0.18325 0.02968 0.35581 0.00283 0.00972
0.03215 0.00772 0.00709 0.01157 0.02984 0.01104 0.00917 0.36870 0.01379 0.05666 0.01941 0.01053 0.15848 0.01111 0.01223 0.02120 0.02489 0.05585 0.00584 0.13272
0.12772 0.00448 0.03650 0.17418 0.08606 0.02177 0.01774 0.01582 0.22545 0.02496 0.01138 0.03592 0.01451 0.04260 0.03956 0.04730 0.03719 0.02296 0.00282 0.01109
0.04529 0.00653 0.00920 0.01064 0.00355 0.44620 0.00392 0.00597 0.00940 0.00829 0.00383 0.01192 0.14350 0.00771 0.00760 0.03715 0.22226 0.01317 0.00096 0.00291
0.04184 0.00726 0.01859 0.03286 0.10642 0.01641 0.01344 0.03411 0.22309 0.14138 0.01903 0.02191 0.13818 0.02649 0.02906 0.03430 0.03324 0.04135 0.00454 0.01652
0.04531 0.00683 0.02368 0.03892 0.01534 0.01925 0.20010 0.02663 0.04112 0.16632 0.01539 0.02520 0.10471 0.02863 0.02824 0.12725 0.03470 0.03480 0.00378 0.01380
0.24044 0.00594 0.02632 0.17723 0.01312 0.01796 0.01199 0.02718 0.03543 0.23233 0.01433 0.02408 0.01116 0.02556 0.02385 0.03477 0.03032 0.03393 0.00309 0.01098
0.02694 0.00289 0.01728 0.03541 0.00496 0.01376 0.01474 0.00950 0.18001 0.01699 0.00739 0.02296 0.00975 0.24823 0.21041 0.02757 0.02282 0.11887 0.00221 0.00732
0.04389 0.00546 0.02783 0.04757 0.01198 0.01952 0.01563 0.02065 0.13924 0.03027 0.01305 0.02931 0.10135 0.03542 0.03752 0.04116 0.15816 0.02798 0.00330 0.19071
0.03447 0.00894 0.00517 0.00918 0.02089 0.11082 0.00659 0.17263 0.01084 0.06554 0.22568 0.00864 0.00704 0.00916 0.01011 0.01943 0.02699 0.23090 0.00399 0.01299
0.02685 0.00252 0.02798 0.04261 0.00435 0.01537 0.01391 0.00788 0.28487 0.01438 0.00632 0.28002 0.01001 0.14158 0.05063 0.02845 0.02202 0.01166 0.00188 0.00671
0.03761 0.00344 0.04468 0.25630 0.10025 0.15719 0.01450 0.01168 0.04549 0.01856 0.00832 0.13171 0.01254 0.03412 0.02731 0.03894 0.02909 0.01723 0.00215 0.00891
0.02137 0.00582 0.00321 0.00561 0.02079 0.00586 0.00384 0.17950 0.00662 0.43571 0.02525 0.00500 0.00459 0.00609 0.00634 0.01106 0.17511 0.06698 0.00285 0.00839
0.04043 0.00605 0.02169 0.03864 0.01638 0.01705 0.01482 0.02564 0.23559 0.12839 0.01509 0.02486 0.09867 0.03122 0.03713 0.03580 0.03237 0.03281 0.00408 0.14329
0.01609 0.00228 0.02401 0.64063 0.14745 0.01116 0.00788 0.00912 0.01645 0.01618 0.00512 0.01578 0.00623 0.01319 0.01076 0.01610 0.01191 0.01109 0.00310 0.01547
0.04123 0.00365 0.03463 0.05663 0.00656 0.14622 0.01654 0.01126 0.24589 0.01914 0.00889 0.03346 0.01330 0.13032 0.04285 0.12826 0.03255 0.01725 0.00232 0.00905
0.03456 0.00656 0.01367 0.02456 0.01987 0.01369 0.01206 0.03460 0.24394 0.04139 0.01584 0.01753 0.00935 0.02236 0.03124 0.02726 0.02755 0.28541 0.00451 0.11405
0.04365 0.13315 0.00469 0.00627 0.00831 0.33545 0.00399 0.02617 0.00733 0.02261 0.00862 0.00928 0.00891 0.00627 0.00700 0.03259 0.02657 0.30174 0.00179 0.00562
0.02692 0.00583 0.00985 0.01591 0.27192 0.01061 0.01300 0.02546 0.01701 0.03734 0.01371 0.17125 0.00726 0.01388 0.01342 0.02131 0.12892 0.03084 0.00863 0.15693
0.02086 0.00379 0.00614 0.00703 0.00702 0.53226 0.00318 0.01247 0.00713 0.32007 0.00632 0.00661 0.00549 0.00524 0.00624 0.01623 0.01299 0.01479 0.00147 0.00467
0.03093 0.00377 0.01862 0.03640 0.00719 0.11662 0.01464 0.15607 0.16910 0.02187 0.00935 0.02356 0.01033 0.03446 0.26151 0.03007 0.02556 0.01872 0.00256 0.00866
0.02137 0.00582 0.00321 0.00561 0.02079 0.00586 0.00384 0.17950 0.00662 0.43571 0.02525 0.00500 0.00459 0.00609 0.00634 0.01106 0.17511 0.06698 0.00285 0.00839
0.02479 0.00547 0.00799 0.01169 0.03792 0.30256 0.01065 0.02411 0.01329 0.15344 0.01267 0.01062 0.00652 0.01062 0.01131 0.01902 0.01861 0.02842 0.00737 0.28292
0.04503 0.00416 0.20765 0.06069 0.00849 0.02152 0.01722 0.01404 0.06067 0.02264 0.01039 0.03552 0.01414 0.04139 0.15633 0.13021 0.03552 0.02076 0.08299 0.01064
0.14290 0.00869 0.00655 0.01088 0.02166 0.01257 0.00752 0.05947 0.01266 0.05323 0.01915 0.01031 0.00795 0.01034 0.01131 0.02375 0.02786 0.43238 0.00435 0.11647
0.03864 0.00427 0.02858 0.04773 0.01095 0.01834 0.01564 0.01517 0.05913 0.02384 0.01038 0.11843 0.14333 0.03578 0.13498 0.03804 0.03071 0.02122 0.00309 0.20176
0.03263 0.00827 0.00599 0.01045 0.03812 0.01073 0.11036 0.14794 0.01279 0.27629 0.02236 0.01040 0.00763 0.01120 0.01211 0.02129 0.02596 0.04925 0.00746 0.17875
0.02589 0.00328 0.01510 0.03047 0.00600 0.01312 0.01351 0.01191 0.07314 0.01933 0.00797 0.02046 0.00910 0.25249 0.31616 0.02524 0.02161 0.12537 0.00231 0.00754
0.04327 0.20444 0.01212 0.02194 0.01981 0.01625 0.01116 0.03854 0.03087 0.18768 0.02015 0.01693 0.10758 0.01997 0.11720 0.03210 0.03322 0.04730 0.00452 0.01496
0.22586 0.00507 0.02347 0.04289 0.01026 0.01787 0.01529 0.01966 0.14933 0.02850 0.01221 0.02699 0.01207 0.03517 0.13680 0.03754 0.03195 0.15523 0.00305 0.01079
0.04071 0.00658 0.01954 0.02679 0.01280 0.01860 0.00947 0.02270 0.02566 0.41408 0.01232 0.12560 0.01038 0.01850 0.01861 0.14558 0.02867 0.02980 0.00296 0.01064
0.03312 0.00383 0.02094 0.04007 0.00771 0.01576 0.01527 0.01380 0.16547 0.02222 0.00962 0.02540 0.01094 0.03601 0.15300 0.03257 0.16480 0.01900 0.00266 0.20782
0.04318 0.13208 0.00468 0.00632 0.00872 0.28246 0.00405 0.02860 0.00740 0.02402 0.00907 0.00920 0.00880 0.00632 0.00706 0.03194 0.02651 0.35187 0.00186 0.00586
0.21725 0.00370 0.03642 0.05976 0.00695 0.02087 0.01719 0.01190 0.15159 0.02009 0.00936 0.11737 0.01378 0.16286 0.04255 0.04431 0.03396 0.01812 0.00241 0.00953
0.04153 0.24283 0.02497 0.31562 0.00628 0.02104 0.00930 0.01113 0.02823 0.01602 0.00704 0.02217 0.01106 0.02077 0.01860 0.14960 0.02787 0.01775 0.00175 0.00643
0.02782 0.00312 0.01760 0.03553 0.21682 0.01396 0.01473 0.01069 0.17681 0.01847 0.00796 0.02304 0.00986 0.13967 0.20708 0.02806 0.02344 0.01488 0.00238 0.00810
0.18222 0.00461 0.23889 0.04969 0.00820 0.11685 0.01321 0.01399 0.04081 0.02102 0.00928 0.02987 0.01242 0.03041 0.02526 0.04003 0.03075 0.02047 0.10301 0.00901
0.04215 0.00630 0.02070 0.03562 0.01273 0.15414 0.01316 0.02372 0.04607 0.22973 0.01391 0.02352 0.10882 0.02837 0.12604 0.03670 0.03227 0.03117 0.00333 0.01156
0.02629 0.00291 0.01660 0.03466 0.00453 0.01413 0.01551 0.00887 0.34006 0.01663 0.00715 0.02315 0.00994 0.03746 0.24624 0.15129 0.02243 0.01267 0.00226 0.00721
0.24434 0.00851 0.01256 0.01945 0.01091 0.02402 0.00808 0.02107 0.02063 0.02770 0.14773 0.01713 0.01210 0.01558 0.01556 0.31822 0.03468 0.03051 0.00260 0.00863
0.16350 0.00452 0.04124 0.29522 0.00635 0.02371 0.01356 0.01079 0.04274 0.01707 0.00778 0.03274 0.01340 0.03192 0.02620 0.21036 0.03176 0.01737 0.00195 0.00782
0.04261 0.00484 0.02769 0.04315 0.00646 0.19142 0.01359 0.01149 0.29972 0.01836 0.00822 0.02764 0.01257 0.03203 0.03891 0.04068 0.15255 0.01800 0.00217 0.00788
0.03457 0.00698 0.25317 0.02445 0.01717 0.01298 0.00862 0.06374 0.02173 0.17752 0.01902 0.01615 0.00855 0.01674 0.01533 0.02472 0.02671 0.23749 0.00321 0.01113
0.03455 0.00795 0.01062 0.13195 0.02017 0.01129 0.00785 0.07299 0.01839 0.23294 0.02250 0.01250 0.00789 0.01387 0.01436 0.02212 0.02710 0.31516 0.00367 0.01213
0.05310 0.00772 0.00942 0.01115 0.00438 0.02612 0.00446 0.00753 0.01084 0.01010 0.00458 0.01334 0.01132 0.00864 0.00900 0.53116 0.25640 0.01604 0.00115 0.00355
0.03445 0.00360 0.17576 0.05771 0.00700 0.02113 0.01259 0.01455 0.03504 0.01854 0.00774 0.20806 0.01184 0.02854 0.02056 0.03491 0.02567 0.27253 0.00191 0.00784
0.02871 0.00600 0.00905 0.01852 0.02510 0.01160 0.01216 0.03124 0.04361 0.23028 0.01782 0.01455 0.00829 0.02111 0.28970 0.02220 0.02348 0.03459 0.13060 0.02141
0.02226 0.00252 0.03792 0.54467 0.01576 0.01553 0.01133 0.00866 0.02801 0.01480 0.00549 0.02460 0.00875 0.02121 0.01801 0.02362 0.01687 0.01177 0.00346 0.16477
0.05308 0.00860 0.01017 0.01521 0.00999 0.02376 0.00679 0.02320 0.01628 0.02570 0.01046 0.01499 0.01156 0.01262 0.01283 0.24014 0.31957 0.17512 0.00233 0.00760
0.03107 0.00355 0.02109 0.03994 0.00688 0.01572 0.01590 0.01285 0.24476 0.13922 0.00921 0.02568 0.01092 0.27359 0.06377 0.03112 0.02594 0.01738 0.00259 0.00880
0.04034 0.00491 0.02524 0.04407 0.01097 0.01905 0.01579 0.01659 0.21955 0.02572 0.01103 0.02798 0.01242 0.03592 0.04734 0.26215 0.03162 0.02304 0.11407 0.01221
0.23934 0.00890 0.00921 0.01353 0.01301 0.15674 0.00674 0.31205 0.01444 0.03562 0.01354 0.01344 0.01055 0.01147 0.01198 0.03646 0.03217 0.04879 0.00282 0.00919
0.00988 0.00288 0.16246 0.00740 0.38505 0.00552 0.01507 0.01122 0.00697 0.02337 0.00655 0.00850 0.00397 0.00755 0.00643 0.01008 0.00795 0.01249 0.01307 0.29360
0.27985 0.00793 0.00758 0.00900 0.00479 0.02574 0.00410 0.00987 0.00936 0.01176 0.00507 0.01225 0.01112 0.00761 0.00819 0.04267 0.51962 0.01869 0.00120 0.00360
0.24157 0.00299 0.50794 0.04707 0.00347 0.02053 0.00853 0.00574 0.01993 0.00864 0.00356 0.02755 0.00996 0.01883 0.01093 0.02883 0.01879 0.00982 0.00102 0.00431
0.04511 0.00861 0.01042 0.01598 0.01913 0.01855 0.00791 0.04655 0.01951 0.06847 0.33507 0.01408 0.01032 0.01401 0.01608 0.03306 0.24905 0.05299 0.00354 0.01155
0.02745 0.00530 0.00864 0.01030 0.44909 0.30616 0.00833 0.01504 0.00974 0.02426 0.00788 0.01021 0.00751 0.00826 0.00854 0.02214 0.01780 0.01934 0.00567 0.02832
0.04363 0.00660 0.01165 0.01213 0.00492 0.02355 0.00446 0.00651 0.01038 0.00917 0.00380 0.01264 0.01033 0.00803 0.00880 0.77934 0.02492 0.01341 0.00137 0.00433
0.02438 0.00461 0.01611 0.01948 0.30156 0.01307 0.01365 0.01695 0.01691 0.02908 0.00919 0.38181 0.00762 0.01370 0.01298 0.02185 0.01751 0.02059 0.00917 0.04977
0.02975 0.00348 0.02651 0.03981 0.00567 0.01763 0.01455 0.00933 0.07391 0.01653 0.00694 0.35024 0.01089 0.03401 0.28359 0.02991 0.02343 0.01368 0.00230 0.00784
0.05689 0.00810 0.01626 0.01891 0.00532 0.02895 0.00624 0.00847 0.01631 0.01202 0.00538 0.01775 0.28189 0.01261 0.01249 0.43550 0.03326 0.01747 0.00145 0.00473
0.25958 0.00423 0.05038 0.37447 0.00614 0.02446 0.01292 0.01109 0.03830 0.01641 0.00702 0.03419 0.01314 0.02955 0.02358 0.03991 0.02837 0.01710 0.00184 0.00733
0.02672 0.00348 0.03766 0.27942 0.02596 0.01703 0.01414 0.01285 0.03263 0.02147 0.00780 0.02644 0.00995 0.02402 0.02184 0.02730 0.02047 0.01678 0.00545 0.36860
0.04491 0.45701 0.00591 0.00648 0.00455 0.33511 0.00350 0.00773 0.00700 0.00994 0.00419 0.00990 0.01012 0.00578 0.00681 0.03574 0.02543 0.01511 0.00132 0.00345
0.03410 0.00636 0.01080 0.01394 0.01413 0.28688 0.00626 0.02731 0.01482 0.43610 0.01356 0.01184 0.00871 0.01076 0.01229 0.02607 0.02272 0.03124 0.00280 0.00930
0.03840 0.00488 0.03642 0.03726 0.00446 0.29408 0.00815 0.00644 0.02118 0.00998 0.00427 0.41409 0.01131 0.01744 0.01376 0.03539 0.02401 0.01220 0.00134 0.00492
0.25367 0.00855 0.00649 0.00965 0.01550 0.01318 0.00494 0.39987 0.01078 0.05954 0.01787 0.00920 0.00757 0.00830 0.00916 0.02310 0.02657 0.10500 0.00256 0.00851
0.01136 0.00336 0.00311 0.00409 0.02131 0.00531 0.00275 0.04243 0.00500 0.80274 0.02457 0.00329 0.00383 0.00453 0.00509 0.00613 0.00865 0.03240 0.00256 0.00749
0.03098 0.00253 0.27912 0.06592 0.00477 0.02220 0.01412 0.00770 0.36341 0.01330 0.00574 0.03731 0.01240 0.03292 0.02916 0.03430 0.02365 0.01188 0.00166 0.00691
0.01448 0.00434 0.00240 0.00419 0.03079 0.00379 0.00292 0.06473 0.00512 0.40629 0.36563 0.00326 0.00385 0.00573 0.00536 0.00669 0.01185 0.04735 0.00313 0.00811
0.04273 0.00885 0.00710 0.01031 0.01357 0.01612 0.00514 0.07835 0.01165 0.04859 0.01544 0.01038 0.00860 0.00882 0.00984 0.02794 0.25076 0.41544 0.00240 0.00799
0.01385 0.00422 0.00224 0.00393 0.03096 0.00353 0.00276 0.06452 0.00474 0.51048 0.26665 0.00302 0.00372 0.00554 0.00506 0.00622 0.01140 0.04627 0.00308 0.00780
0.01683 0.00480 0.00456 0.00662 0.05801 0.00659 0.01172 0.03671 0.00851 0.43281 0.02094 0.00756 0.00504 0.00814 0.00841 0.01197 0.01345 0.03321 0.01011 0.29403
0.03089 0.00487 0.02930 0.25669 0.01567 0.01600 0.01077 0.03231 0.03281 0.37676 0.01697 0.02251 0.00987 0.02275 0.02304 0.02710 0.02384 0.03414 0.00303 0.01067
0.02464 0.00237 0.44853 0.05469 0.00321 0.29215 0.00928 0.00458 0.02061 0.00775 0.00310 0.03087 0.01029 0.02037 0.01074 0.02676 0.01677 0.00788 0.00106 0.00435
0.03840 0.00488 0.03642 0.03726 0.00446 0.29408 0.00815 0.00644 0.02118 0.00998 0.00427 0.41409 0.01131 0.01744 0.01376 0.03539 0.02401 0.01220 0.00134 0.00492
0.03525 0.00344 0.29640 0.06125 0.00458 0.02488 0.01153 0.00701 0.02892 0.01130 0.00482 0.03546 0.01249 0.02594 0.01606 0.37734 0.02407 0.01197 0.00136 0.00593
0.02828 0.00488 0.01421 0.02607 0.01449 0.01344 0.01243 0.02929 0.27673 0.36726 0.01620 0.01827 0.00921 0.02712 0.04957 0.02412 0.02304 0.03126 0.00330 0.01085
0.02264 0.00381 0.02250 0.02645 0.04677 0.01347 0.01495 0.01261 0.02267 0.02286 0.00751 0.37833 0.00795 0.01700 0.01664 0.02222 0.01678 0.01597 0.00914 0.29975
0.02549 0.00493 0.00959 0.01935 0.01686 0.01173 0.01085 0.03171 0.05235 0.39425 0.01826 0.01451 0.00815 0.02279 0.27173 0.02046 0.02069 0.03159 0.00345 0.01126
0.33262 0.00932 0.01104 0.01329 0.00528 0.03141 0.00535 0.00916 0.01276 0.01226 0.00558 0.01598 0.01363 0.01037 0.01051 0.43967 0.03668 0.01946 0.00138 0.00426
0.25531 0.00516 0.02528 0.03968 0.00681 0.02160 0.01401 0.01297 0.37149 0.01994 0.00851 0.02655 0.01257 0.03255 0.04837 0.03899 0.03023 0.01949 0.00237 0.00812
0.03218 0.00454 0.03409 0.35734 0.01348 0.01748 0.01176 0.02736 0.03671 0.26591 0.01438 0.02558 0.01061 0.02551 0.02505 0.02968 0.02477 0.03039 0.00283 0.01036
0.02980 0.00259 0.05715 0.38825 0.00631 0.02153 0.23914 0.00810 0.04317 0.01387 0.00582 0.03580 0.01197 0.03117 0.02746 0.03276 0.02270 0.01216 0.00192 0.00830
0.03049 0.00380 0.02550 0.03531 0.00479 0.26847 0.01179 0.00824 0.41556 0.01405 0.00594 0.02303 0.01046 0.02721 0.04254 0.02952 0.02237 0.01279 0.00192 0.00624
0.03118 0.00540 0.25697 0.03557 0.01208 0.01598 0.00885 0.37567 0.02219 0.04004 0.01261 0.02155 0.00919 0.01816 0.01426 0.02523 0.02313 0.06057 0.00238 0.00899
0.02823 0.00448 0.01525 0.02870 0.01206 0.01402 0.01350 0.02420 0.38083 0.25955 0.01363 0.01990 0.00960 0.03023 0.05680 0.02526 0.02321 0.02707 0.00313 0.01033
0.01093 0.00229 0.00599 0.01072 0.00327 0.00936 0.00637 0.00433 0.03676 0.00846 0.00298 0.00832 0.00556 0.01362 0.84105 0.00999 0.00858 0.00589 0.00160 0.00393
0.27548 0.00899 0.00687 0.00959 0.01227 0.01809 0.00484 0.07054 0.01054 0.04334 0.01397 0.01057 0.00915 0.00828 0.00906 0.03096 0.02964 0.41835 0.00220 0.00725
0.02745 0.00530 0.00864 0.01030 0.44909 0.30616 0.00833 0.01504 0.00974 0.02426 0.00788 0.01021 0.00751 0.00826 0.00854 0.02214 0.01780 0.01934 0.00567 0.02832
0.33262 0.00932 0.01104 0.01329 0.00528 0.03141 0.00535 0.00916 0.01276 0.01226 0.00558 0.01598 0.01363 0.01037 0.01051 0.43967 0.03668 0.01946 0.00138 0.00426
0.02025 0.00586 0.00349 0.00546 0.36207 0.00593 0.00673 0.29541 0.00637 0.10886 0.02650 0.00563 0.00475 0.00645 0.00639 0.01075 0.01596 0.07066 0.00586 0.02665
0.03783 0.00464 0.02423 0.03997 0.00675 0.01985 0.01496 0.01304 0.37492 0.02055 0.00868 0.02654 0.01213 0.03501 0.05659 0.03616 0.23834 0.01893 0.00249 0.00839
0.03840 0.00488 0.03642 0.03726 0.00446 0.29408 0.00815 0.00644 0.02118 0.00998 0.00427 0.41409 0.01131 0.01744 0.01376 0.03539 0.02401 0.01220 0.00134 0.00492
0.03405 0.00425 0.03358 0.03837 0.00518 0.39845 0.00980 0.00782 0.03300 0.01261 0.00529 0.02434 0.01089 0.28323 0.02331 0.03230 0.02302 0.01289 0.00168 0.00597
0.02234 0.00610 0.00536 0.00795 0.05375 0.00808 0.01197 0.28026 0.00990 0.06314 0.01787 0.00874 0.00581 0.00885 0.00942 0.01490 0.01750 0.05396 0.00979 0.38432
0.02437 0.00380 0.01694 0.02809 0.02784 0.01337 0.01561 0.01378 0.28912 0.02399 0.00873 0.01986 0.00893 0.02721 0.04734 0.02366 0.01994 0.01751 0.00618 0.36370
0.44309 0.00942 0.01025 0.01294 0.00644 0.03030 0.00557 0.01351 0.01340 0.01607 0.00684 0.01558 0.01337 0.01060 0.01115 0.05078 0.30004 0.02408 0.00160 0.00496
0.03746 0.00552 0.03495 0.34480 0.01086 0.01911 0.01147 0.03941 0.03462 0.03397 0.01199 0.02636 0.01118 0.02504 0.02294 0.03284 0.02791 0.25774 0.00250 0.00933
0.03218 0.00454 0.03409 0.35734 0.01348 0.01748 0.01176 0.02736 0.03671 0.26591 0.01438 0.02558 0.01061 0.02551 0.02505 0.02968 0.02477 0.03039 0.00283 0.01036
0.02823 0.00448 0.01525 0.02870 0.01206 0.01402 0.01350 0.02420 0.38083 0.25955 0.01363 0.01990 0.00960 0.03023 0.05680 0.02526 0.02321 0.02707 0.00313 0.01033
0.46310 0.00876 0.01102 0.01223 0.00474 0.30945 0.00479 0.00816 0.01079 0.01089 0.00493 0.01487 0.01285 0.00905 0.00915 0.04859 0.03387 0.01773 0.00127 0.00375
0.03101 0.00316 0.03779 0.05027 0.00534 0.01936 0.01519 0.00910 0.28456 0.01607 0.00685 0.34083 0.01172 0.03576 0.05277 0.03244 0.02445 0.01350 0.00214 0.00769
0.01360 0.00187 0.03145 0.82109 0.00291 0.01364 0.00607 0.00381 0.01543 0.00652 0.00229 0.01742 0.00696 0.01262 0.00991 0.01455 0.00963 0.00564 0.00115 0.00343
0.01448 0.00434 0.00240 0.00419 0.03079 0.00379 0.00292 0.06473 0.00512 0.40629 0.36563 0.00326 0.00385 0.00573 0.00536 0.00669 0.01185 0.04735 0.00313 0.00811
0.02749 0.00464 0.01575 0.02607 0.25910 0.01376 0.01416 0.02010 0.37943 0.03398 0.01145 0.01854 0.00904 0.02396 0.03703 0.02481 0.02177 0.02401 0.00603 0.02886
0.02837 0.00277 0.05194 0.41738 0.00449 0.02089 0.01120 0.00710 0.03192 0.01167 0.00485 0.03149 0.26217 0.02533 0.01934 0.03017 0.02055 0.01104 0.00148 0.00583
0.02264 0.00381 0.02250 0.02645 0.04677 0.01347 0.01495 0.01261 0.02267 0.02286 0.00751 0.37833 0.00795 0.01700 0.01664 0.02222 0.01678 0.01597 0.00914 0.29975
0.03797 0.00730 0.01844 0.02409 0.01649 0.01622 0.00887 0.36786 0.02376 0.04727 0.01554 0.23236 0.00948 0.01651 0.01788 0.02809 0.02751 0.06872 0.00329 0.01236
0.03746 0.00552 0.03495 0.34480 0.01086 0.01911 0.01147 0.03941 0.03462 0.03397 0.01199 0.02636 0.01118 0.02504 0.02294 0.03284 0.02791 0.25774 0.00250 0.00933
0.03594 0.00842 0.00652 0.00998 0.01654 0.01186 0.00513 0.39736 0.01155 0.06428 0.01907 0.00902 0.00720 0.00865 0.00975 0.02107 0.23673 0.10923 0.00270 0.00902
0.01368 0.00422 0.00273 0.00417 0.38607 0.00436 0.00666 0.05136 0.00494 0.37694 0.03138 0.00445 0.00397 0.00593 0.00540 0.00770 0.01114 0.03903 0.00643 0.02943
0.01866 0.00294 0.02151 0.02112 0.00449 0.01457 0.00522 0.00425 0.01313 0.00689 0.00247 0.81588 0.00709 0.00987 0.00957 0.01726 0.01185 0.00703 0.00143 0.00475
0.04174 0.00488 0.02958 0.04398 0.00648 0.02227 0.01445 0.01126 0.27379 0.01844 0.00805 0.02861 0.01290 0.03377 0.04747 0.34388 0.03041 0.01758 0.00230 0.00816
0.02619 0.00665 0.00637 0.00939 0.05008 0.00980 0.01199 0.04923 0.01140 0.05414 0.01651 0.00988 0.00657 0.00972 0.01048 0.01792 0.01994 0.28568 0.00934 0.37872
0.03701 0.00752 0.00862 0.01232 0.37566 0.01578 0.01009 0.03562 0.01375 0.05398 0.01663 0.01226 0.00887 0.01132 0.01196 0.02767 0.26148 0.04123 0.00668 0.03157
0.27968 0.00701 0.01267 0.01718 0.03552 0.01792 0.01170 0.02332 0.01830 0.03333 0.01179 0.01531 0.00972 0.01396 0.01479 0.03118 0.02608 0.03014 0.00706 0.38333
0.02737 0.00515 0.01240 0.01250 0.00437 0.81764 0.00444 0.00538 0.00964 0.00840 0.00306 0.01049 0.00935 0.00731 0.00849 0.02252 0.01619 0.00970 0.00180 0.00381
0.02737 0.00515 0.01240 0.01250 0.00437 0.81764 0.00444 0.00538 0.00964 0.00840 0.00306 0.01049 0.00935 0.00731 0.00849 0.02252 0.01619 0.00970 0.00180 0.00381
0.02850 0.00776 0.00585 0.00812 0.02074 0.00921 0.00420 0.58614 0.00946 0.09307 0.02340 0.00685 0.00611 0.00695 0.00827 0.01381 0.02107 0.12792 0.00284 0.00971
0.02561 0.00312 0.05201 0.67345 0.00540 0.02217 0.01101 0.00806 0.03058 0.01292 0.00478 0.03038 0.01161 0.02371 0.01965 0.02712 0.01852 0.01162 0.00191 0.00638
0.02561 0.00312 0.05201 0.67345 0.00540 0.02217 0.01101 0.00806 0.03058 0.01292 0.00478 0.03038 0.01161 0.02371 0.01965 0.02712 0.01852 0.01162 0.00191 0.00638
0.02850 0.00776 0.00585 0.00812 0.02074 0.00921 0.00420 0.58614 0.00946 0.09307 0.02340 0.00685 0.00611 0.00695 0.00827 0.01381 0.02107 0.12792 0.00284 0.00971
0.01437 0.00418 0.00822 0.00931 0.07519 0.01016 0.01690 0.01516 0.01083 0.03097 0.00823 0.01050 0.00632 0.00938 0.01040 0.01355 0.01067 0.01672 0.01438 0.70457
0.06432 0.00955 0.02045 0.02282 0.00837 0.03416 0.00788 0.01209 0.02021 0.01661 0.00678 0.02101 0.01542 0.01498 0.01605 0.63936 0.03778 0.02237 0.00223 0.00756
0.02116 0.00384 0.01203 0.02128 0.00618 0.01552 0.01138 0.00896 0.06376 0.01630 0.00590 0.01585 0.00938 0.02483 0.70545 0.01959 0.01659 0.01205 0.00264 0.00728
0.01437 0.00418 0.00822 0.00931 0.07519 0.01016 0.01690 0.01516 0.01083 0.03097 0.00823 0.01050 0.00632 0.00938 0.01040 0.01355 0.01067 0.01672 0.01438 0.70457
0.01564 0.00458 0.00609 0.00699 0.68732 0.00983 0.01342 0.02577 0.00767 0.05512 0.01340 0.00843 0.00615 0.00763 0.00794 0.01268 0.01143 0.02502 0.01174 0.06314
0.02514 0.00381 0.02033 0.03175 0.00606 0.01743 0.01381 0.01013 0.65207 0.01764 0.00671 0.02171 0.01070 0.03124 0.06262 0.02452 0.02009 0.01385 0.00266 0.00776
0.03347 0.00481 0.03791 0.03917 0.00808 0.02385 0.00975 0.00894 0.02679 0.01364 0.00510 0.65990 0.01189 0.01943 0.01897 0.03135 0.02194 0.01400 0.00237 0.00864
0.03048 0.77849 0.00631 0.00695 0.00750 0.01935 0.00412 0.01498 0.00800 0.01732 0.00547 0.00810 0.00920 0.00581 0.00800 0.02333 0.01817 0.02050 0.00221 0.00573
0.02850 0.00776 0.00585 0.00812 0.02074 0.00921 0.00420 0.58614 0.00946 0.09307 0.02340 0.00685 0.00611 0.00695 0.00827 0.01381 0.02107 0.12792 0.00284 0.00971
0.03347 0.00481 0.03791 0.03917 0.00808 0.02385 0.00975 0.00894 0.02679 0.01364 0.00510 0.65990 0.01189 0.01943 0.01897 0.03135 0.02194 0.01400 0.00237 0.00864
0.02256 0.00279 0.71642 0.05291 0.00463 0.02217 0.00961 0.00588 0.02093 0.00966 0.00345 0.02981 0.01107 0.02001 0.01185 0.02447 0.01570 0.00892 0.00166 0.00552
0.02256 0.00279 0.71642 0.05291 0.00463 0.02217 0.00961 0.00588 0.02093 0.00966 0.00345 0.02981 0.01107 0.02001 0.01185 0.02447 0.01570 0.00892 0.00166 0.00552
0.02256 0.00279 0.71642 0.05291 0.00463 0.02217 0.00961 0.00588 0.02093 0.00966 0.00345 0.02981 0.01107 0.02001 0.01185 0.02447 0.01570 0.00892 0.00166 0.00552
0.03542 0.00855 0.00706 0.00935 0.01667 0.01304 0.00451 0.10765 0.01049 0.06755 0.01836 0.00857 0.00749 0.00752 0.00902 0.01996 0.02463 0.61272 0.00256 0.00887
0.02850 0.00776 0.00585 0.00812 0.02074 0.00921 0.00420 0.58614 0.00946 0.09307 0.02340 0.00685 0.00611 0.00695 0.00827 0.01381 0.02107 0.12792 0.00284 0.00971
0.03542 0.00855 0.00706 0.00935 0.01667 0.01304 0.00451 0.10765 0.01049 0.06755 0.01836 0.00857 0.00749 0.00752 0.00902 0.01996 0.02463 0.61272 0.00256 0.00887
0.02514 0.00381 0.02033 0.03175 0.00606 0.01743 0.01381 0.01013 0.65207 0.01764 0.00671 0.02171 0.01070 0.03124 0.06262 0.02452 0.02009 0.01385 0.00266 0.00776
0.02742 0.00631 0.00824 0.01129 0.02567 0.01285 0.00623 0.05441 0.01478 0.11118 0.57561 0.00934 0.00781 0.01035 0.01307 0.01853 0.01959 0.05064 0.00387 0.01279
0.02514 0.00381 0.02033 0.03175 0.00606 0.01743 0.01381 0.01013 0.65207 0.01764 0.00671 0.02171 0.01070 0.03124 0.06262 0.02452 0.02009 0.01385 0.00266 0.00776
0.66776 0.00976 0.01469 0.01672 0.00825 0.03240 0.00661 0.01776 0.01612 0.02071 0.00769 0.01754 0.01458 0.01213 0.01356 0.05033 0.03649 0.02833 0.00213 0.00644
0.01966 0.00534 0.00564 0.00776 0.03022 0.00857 0.00482 0.06285 0.00975 0.68816 0.03347 0.00620 0.00601 0.00791 0.00919 0.01143 0.01489 0.05206 0.00387 0.01219
0.02850 0.00776 0.00585 0.00812 0.02074 0.00921 0.00420 0.58614 0.00946 0.09307 0.02340 0.00685 0.00611 0.00695 0.00827 0.01381 0.02107 0.12792 0.00284 0.00971
0.02514 0.00381 0.02033 0.03175 0.00606 0.01743 0.01381 0.01013 0.65207 0.01764 0.00671 0.02171 0.01070 0.03124 0.06262 0.02452 0.02009 0.01385 0.00266 0.00776
0.02256 0.00279 0.71642 0.05291 0.00463 0.02217 0.00961 0.00588 0.02093 0.00966 0.00345 0.02981 0.01107 0.02001 0.01185 0.02447 0.01570 0.00892 0.00166 0.00552
0.01564 0.00458 0.00609 0.00699 0.68732 0.00983 0.01342 0.02577 0.00767 0.05512 0.01340 0.00843 0.00615 0.00763 0.00794 0.01268 0.01143 0.02502 0.01174 0.06314
0.01437 0.00418 0.00822 0.00931 0.07519 0.01016 0.01690 0.01516 0.01083 0.03097 0.00823 0.01050 0.00632 0.00938 0.01040 0.01355 0.01067 0.01672 0.01438 0.70457
0.01966 0.00534 0.00564 0.00776 0.03022 0.00857 0.00482 0.06285 0.00975 0.68816 0.03347 0.00620 0.00601 0.00791 0.00919 0.01143 0.01489 0.05206 0.00387 0.01219
0.01966 0.00534 0.00564 0.00776 0.03022 0.00857 0.00482 0.06285 0.00975 0.68816 0.03347 0.00620 0.00601 0.00791 0.00919 0.01143 0.01489 0.05206 0.00387 0.01219
0.02514 0.00381 0.02033 0.03175 0.00606 0.01743 0.01381 0.01013 0.65207 0.01764 0.00671 0.02171 0.01070 0.03124 0.06262 0.02452 0.02009 0.01385 0.00266 0.00776
0.02850 0.00776 0.00585 0.00812 0.02074 0.00921 0.00420 0.58614 0.00946 0.09307 0.02340 0.00685 0.00611 0.00695 0.00827 0.01381 0.02107 0.12792 0.00284 0.00971
0.02514 0.00381 0.02033 0.03175 0.00606 0.01743 0.01381 0.01013 0.65207 0.01764 0.00671 0.02171 0.01070 0.03124 0.06262 0.02452 0.02009 0.01385 0.00266 0.00776
0.01564 0.00458 0.00609 0.00699 0.68732 0.00983 0.01342 0.02577 0.00767 0.05512 0.01340 0.00843 0.00615 0.00763 0.00794 0.01268 0.01143 0.02502 0.01174 0.06314
0.02256 0.00279 0.71642 0.05291 0.00463 0.02217 0.00961 0.00588 0.02093 0.00966 0.00345 0.02981 0.01107 0.02001 0.01185 0.02447 0.01570 0.00892 0.00166 0.00552
0.02561 0.00312 0.05201 0.67345 0.00540 0.02217 0.01101 0.00806 0.03058 0.01292 0.00478 0.03038 0.01161 0.02371 0.01965 0.02712 0.01852 0.01162 0.00191 0.00638
0.02514 0.00381 0.02033 0.03175 0.00606 0.01743 0.01381 0.01013 0.65207 0.01764 0.00671 0.02171 0.01070 0.03124 0.06262 0.02452 0.02009 0.01385 0.00266 0.00776
0.02793 0.00417 0.02978 0.03597 0.00876 0.01986 0.01144 0.01088 0.04454 0.01924 0.00670 0.02297 0.01102 0.63826 0.03464 0.02676 0.02032 0.01468 0.00273 0.00936
0.01966 0.00534 0.00564 0.00776 0.03022 0.00857 0.00482 0.06285 0.00975 0.68816 0.03347 0.00620 0.00601 0.00791 0.00919 0.01143 0.01489 0.05206 0.00387 0.01219
0.01966 0.00534 0.00564 0.00776 0.03022 0.00857 0.00482 0.06285 0.00975 0.68816 0.03347 0.00620 0.00601 0.00791 0.00919 0.01143 0.01489 0.05206 0.00387 0.01219
0.02514 0.00381 0.02033 0.03175 0.00606 0.01743 0.01381 0.01013 0.65207 0.01764 0.00671 0.02171 0.01070 0.03124 0.06262 0.02452 0.02009 0.01385 0.00266 0.00776
0.02561 0.00312 0.05201 0.67345 0.00540 0.02217 0.01101 0.00806 0.03058 0.01292 0.00478 0.03038 0.01161 0.02371 0.01965 0.02712 0.01852 0.01162 0.00191 0.00638
0.02850 0.00776 0.00585 0.00812 0.02074 0.00921 0.00420 0.58614 0.00946 0.09307 0.02340 0.00685 0.00611 0.00695 0.00827 0.01381 0.02107 0.12792 0.00284 0.00971
0.05103 0.01086 0.01729 0.02595 0.04032 0.02150 0.01246 0.09188 0.03273 0.16458 0.25592 0.01968 0.01356 0.02235 0.02668 0.03596 0.03760 0.09123 0.00639 0.02203
0.05084 0.00713 0.04261 0.06232 0.01315 0.03118 0.02321 0.02325 0.35789 0.03598 0.01376 0.04078 0.01892 0.05212 0.08780 0.04878 0.03949 0.03116 0.00459 0.01504
0.05576 0.00765 0.05459 0.06977 0.01755 0.03435 0.02191 0.02536 0.08351 0.04175 0.01494 0.04405 0.01975 0.29520 0.06286 0.05318 0.04144 0.03326 0.00493 0.01818
0.05084 0.00713 0.04261 0.06232 0.01315 0.03118 0.02321 0.02325 0.35789 0.03598 0.01376 0.04078 0.01892 0.05212 0.08780 0.04878 0.03949 0.03116 0.00459 0.01504
0.04997 0.01148 0.01588 0.02642 0.07547 0.01932 0.02098 0.07336 0.03426 0.22640 0.03888 0.02186 0.01358 0.02519 0.02849 0.03667 0.03939 0.07567 0.10161 0.06512
0.05084 0.00713 0.04261 0.06232 0.01315 0.03118 0.02321 0.02325 0.35789 0.03598 0.01376 0.04078 0.01892 0.05212 0.08780 0.04878 0.03949 0.03116 0.00459 0.01504
0.06073 0.00947 0.03449 0.05876 0.04117 0.02802 0.02663 0.03896 0.09057 0.05954 0.02272 0.03960 0.01868 0.05030 0.14244 0.05467 0.04831 0.04915 0.00935 0.11644
0.03468 0.00898 0.01365 0.02028 0.14203 0.01599 0.03300 0.03895 0.02513 0.07071 0.02172 0.02147 0.01142 0.02165 0.02218 0.03030 0.02769 0.04417 0.13776 0.25823
0.09840 0.01442 0.04023 0.04836 0.01684 0.05136 0.01594 0.02712 0.04490 0.03589 0.01423 0.03867 0.02452 0.03168 0.03373 0.33986 0.06085 0.04324 0.00427 0.01549
0.14753 0.01403 0.02068 0.03227 0.02896 0.02708 0.01353 0.19279 0.03566 0.10188 0.03188 0.02482 0.01609 0.02559 0.02716 0.04999 0.05092 0.13536 0.00538 0.01841
0.11410 0.12386 0.02320 0.03376 0.02097 0.05254 0.01486 0.04198 0.03761 0.05059 0.02054 0.03308 0.02526 0.02783 0.02977 0.19493 0.07105 0.06237 0.00496 0.01672
0.03807 0.00939 0.01427 0.01896 0.36828 0.01913 0.02064 0.06137 0.02081 0.11544 0.02961 0.01781 0.01210 0.01763 0.01850 0.02908 0.02818 0.06191 0.01613 0.08267
0.04226 0.00982 0.01496 0.02145 0.04335 0.01846 0.01116 0.09606 0.02706 0.42082 0.04248 0.01630 0.01196 0.01876 0.02272 0.02833 0.03150 0.09234 0.00660 0.02361
0.21703 0.01633 0.03570 0.04685 0.01554 0.05494 0.01597 0.03024 0.04460 0.03845 0.01624 0.03944 0.02617 0.03284 0.03286 0.20040 0.06977 0.04917 0.00395 0.01351
0.04226 0.00982 0.01496 0.02145 0.04335 0.01846 0.01116 0.09606 0.02706 0.42082 0.04248 0.01630 0.01196 0.01876 0.02272 0.02833 0.03150 0.09234 0.00660 0.02361
0.04123 0.01031 0.01134 0.01841 0.16024 0.01426 0.01520 0.09760 0.02121 0.28624 0.04911 0.01545 0.01076 0.01821 0.01826 0.02699 0.03253 0.09088 0.01129 0.05048
0.04226 0.00982 0.01496 0.02145 0.04335 0.01846 0.01116 0.09606 0.02706 0.42082 0.04248 0.01630 0.01196 0.01876 0.02272 0.02833 0.03150 0.09234 0.00660 0.02361
0.06804 0.09671 0.01578 0.02603 0.03782 0.02556 0.01382 0.10468 0.03151 0.20987 0.03785 0.02176 0.01565 0.02318 0.02577 0.04674 0.04958 0.11868 0.00690 0.02409
0.04952 0.01268 0.01024 0.01680 0.03126 0.01395 0.00801 0.25308 0.01899 0.13739 0.03720 0.01318 0.00991 0.01433 0.01529 0.02589 0.03774 0.27495 0.00450 0.01509
0.10763 0.01554 0.03707 0.05036 0.01653 0.05198 0.01714 0.03229 0.04994 0.04133 0.01732 0.04035 0.02549 0.03565 0.03643 0.18999 0.16570 0.05048 0.00421 0.01457
0.15497 0.01338 0.02504 0.03836 0.03080 0.03036 0.01564 0.08637 0.04341 0.18550 0.03231 0.02874 0.01772 0.03016 0.03287 0.05560 0.05223 0.10018 0.00587 0.02049
0.06285 0.07172 0.01258 0.02233 0.10206 0.02043 0.01494 0.09444 0.02586 0.14142 0.12045 0.01930 0.01427 0.02159 0.02271 0.04050 0.04931 0.10418 0.00877 0.03031
0.25094 0.00913 0.04602 0.06482 0.01438 0.03522 0.01964 0.02665 0.06704 0.03818 0.01578 0.04209 0.01988 0.13276 0.04668 0.06425 0.05011 0.03806 0.00394 0.01442
0.06512 0.01026 0.03303 0.04865 0.04048 0.03003 0.02083 0.03506 0.04971 0.05057 0.01965 0.03420 0.01761 0.03538 0.03549 0.24067 0.04709 0.04638 0.00863 0.13116
0.07079 0.00874 0.04101 0.06912 0.01512 0.03274 0.02282 0.02772 0.08492 0.04102 0.01779 0.04397 0.07314 0.05249 0.12979 0.06587 0.14329 0.03925 0.00442 0.01598
0.25094 0.00913 0.04602 0.06482 0.01438 0.03522 0.01964 0.02665 0.06704 0.03818 0.01578 0.04209 0.01988 0.13276 0.04668 0.06425 0.05011 0.03806 0.00394 0.01442
0.06231 0.01165 0.02076 0.03054 0.25685 0.02702 0.01878 0.04631 0.03188 0.06722 0.02349 0.02536 0.01559 0.02477 0.02492 0.14959 0.04414 0.05720 0.01068 0.05094
0.24874 0.01275 0.01685 0.02637 0.02470 0.02487 0.01150 0.18745 0.02893 0.08395 0.02708 0.02122 0.01440 0.02125 0.02233 0.04561 0.04578 0.11563 0.00470 0.01589
0.26461 0.01239 0.02251 0.03573 0.03454 0.02967 0.01725 0.04774 0.04125 0.06572 0.02449 0.02782 0.01721 0.02912 0.03164 0.05467 0.04936 0.06036 0.10380 0.03013
0.09256 0.01299 0.03313 0.03952 0.01001 0.30710 0.01218 0.01669 0.03279 0.02342 0.01038 0.03307 0.02173 0.02523 0.02389 0.20632 0.05568 0.03145 0.00270 0.00915
0.06010 0.00720 0.12080 0.07419 0.01687 0.17663 0.02087 0.02531 0.06287 0.03740 0.01599 0.04451 0.01850 0.04622 0.03977 0.05761 0.04589 0.03502 0.07657 0.01766
0.19880 0.01197 0.01208 0.02083 0.03059 0.01650 0.01070 0.17519 0.02337 0.18456 0.03415 0.01633 0.01136 0.01819 0.01887 0.03232 0.03972 0.12129 0.00544 0.01775
0.06668 0.08513 0.01586 0.02708 0.03217 0.02471 0.01431 0.06987 0.03117 0.23744 0.03273 0.02229 0.08245 0.02383 0.02527 0.04751 0.04957 0.08302 0.00669 0.02223
0.19074 0.01202 0.02769 0.03727 0.01003 0.25412 0.01214 0.01771 0.03392 0.02483 0.01107 0.03070 0.11829 0.02575 0.02406 0.07307 0.05317 0.03161 0.00270 0.00912
0.32811 0.01256 0.02230 0.02719 0.00893 0.27397 0.00949 0.01626 0.02426 0.02149 0.00942 0.02607 0.01943 0.01899 0.01861 0.07153 0.05114 0.03034 0.00236 0.00755
0.04877 0.00653 0.22954 0.06547 0.01790 0.02650 0.01709 0.03522 0.04797 0.22123 0.01755 0.03892 0.01573 0.03676 0.03053 0.04560 0.03704 0.04213 0.00399 0.01552
0.12760 0.00678 0.04340 0.07096 0.01167 0.02993 0.02251 0.02086 0.08922 0.03267 0.01448 0.10598 0.01889 0.05309 0.19670 0.05996 0.04729 0.03041 0.00375 0.01386
0.13088 0.00966 0.03866 0.05971 0.01908 0.03047 0.01939 0.03789 0.05974 0.11675 0.02023 0.17424 0.01851 0.04189 0.04040 0.05982 0.05052 0.05006 0.00476 0.01735
0.07681 0.01150 0.03039 0.04569 0.01769 0.20135 0.01601 0.03273 0.04583 0.12605 0.01828 0.03317 0.01899 0.03306 0.03229 0.14177 0.05253 0.04613 0.00437 0.01537
0.06022 0.01145 0.01775 0.02761 0.12194 0.02474 0.01442 0.05692 0.02995 0.07792 0.02579 0.02236 0.01447 0.02271 0.02335 0.04571 0.29886 0.06753 0.00709 0.02921
0.05856 0.00740 0.05065 0.05881 0.00976 0.03372 0.01499 0.01512 0.04540 0.02253 0.00951 0.13825 0.34097 0.03273 0.03065 0.05428 0.03921 0.02418 0.00278 0.01047
0.05532 0.01114 0.02062 0.03448 0.04965 0.02121 0.01938 0.05423 0.03882 0.15141 0.02860 0.02556 0.08140 0.02871 0.02962 0.04276 0.04340 0.06417 0.01010 0.18942
0.11558 0.00765 0.05146 0.13689 0.01298 0.09652 0.02171 0.02307 0.07034 0.03460 0.01545 0.04703 0.02020 0.05064 0.04422 0.06639 0.13319 0.03394 0.00375 0.01439
0.12702 0.01234 0.01862 0.03157 0.04472 0.02162 0.01774 0.06399 0.03557 0.15238 0.03148 0.02412 0.01453 0.02687 0.02780 0.04336 0.04590 0.07550 0.00913 0.17573
0.06751 0.01217 0.02762 0.04842 0.02877 0.02548 0.01930 0.06054 0.05241 0.07778 0.07006 0.03250 0.01728 0.09189 0.03727 0.05348 0.10402 0.14430 0.00661 0.02260
0.12193 0.01159 0.00926 0.01592 0.02958 0.01363 0.00874 0.27635 0.01806 0.18688 0.03391 0.01297 0.00971 0.01436 0.01515 0.02635 0.03592 0.13889 0.00491 0.01588
0.06751 0.00775 0.05154 0.07059 0.01087 0.19298 0.01922 0.01868 0.06294 0.02857 0.01272 0.04411 0.01951 0.11763 0.04101 0.14192 0.04790 0.02911 0.00321 0.01221
0.04066 0.00940 0.01244 0.01918 0.06707 0.01587 0.01800 0.05854 0.02266 0.07631 0.02398 0.01726 0.01057 0.01793 0.01912 0.02993 0.03114 0.15922 0.01271 0.33800
0.05697 0.00721 0.03650 0.06462 0.01555 0.02601 0.02301 0.02897 0.15262 0.04445 0.14319 0.04047 0.01770 0.11437 0.06955 0.05387 0.04601 0.03815 0.00458 0.01621
0.05601 0.00886 0.10327 0.05491 0.04026 0.02438 0.02172 0.04028 0.05221 0.12222 0.02234 0.03531 0.01614 0.03864 0.03531 0.04940 0.04414 0.05004 0.00856 0.17600
0.06893 0.00927 0.04136 0.06366 0.01797 0.03158 0.02015 0.03193 0.06305 0.11110 0.01881 0.10311 0.01908 0.04415 0.04214 0.19700 0.05111 0.04369 0.00464 0.01726
0.14871 0.00849 0.04663 0.06553 0.01176 0.19479 0.01863 0.02080 0.06051 0.03087 0.01359 0.04195 0.01953 0.11650 0.03996 0.06480 0.04918 0.03187 0.00337 0.01252
0.06152 0.01268 0.01808 0.03120 0.03712 0.02260 0.01667 0.11607 0.03557 0.07831 0.02995 0.02402 0.01484 0.02665 0.02787 0.16722 0.04745 0.07249 0.12943 0.03027
0.05890 0.00504 0.11817 0.08889 0.00964 0.03068 0.02259 0.01621 0.07480 0.02666 0.01235 0.05110 0.07096 0.10946 0.04515 0.17297 0.04584 0.02475 0.00310 0.01275
0.04965 0.00402 0.21067 0.09067 0.00786 0.03028 0.02028 0.01291 0.06276 0.02155 0.00973 0.05128 0.08133 0.18530 0.03699 0.05340 0.03817 0.01987 0.00252 0.01076
0.06941 0.00884 0.03902 0.05208 0.00974 0.20078 0.01467 0.01701 0.04438 0.02485 0.01105 0.11253 0.01813 0.03280 0.02930 0.06225 0.21245 0.02799 0.00273 0.00998
0.06059 0.01101 0.01409 0.01892 0.01570 0.11519 0.00834 0.05822 0.01959 0.04601 0.01623 0.01766 0.01340 0.01477 0.01594 0.04486 0.03936 0.45586 0.00329 0.01097
0.06333 0.00820 0.04066 0.06353 0.01630 0.02901 0.01975 0.02950 0.06356 0.04227 0.07355 0.16003 0.13783 0.04409 0.04214 0.05809 0.04785 0.04009 0.00430 0.01593
0.06616 0.00986 0.03290 0.05742 0.02106 0.02731 0.02024 0.08885 0.06308 0.05464 0.02286 0.03685 0.01792 0.04340 0.09576 0.10901 0.15599 0.05255 0.00532 0.01881
0.03369 0.00725 0.01395 0.02326 0.15524 0.01423 0.02170 0.03159 0.02981 0.05151 0.01767 0.01942 0.01004 0.02169 0.19286 0.02865 0.02697 0.03748 0.01495 0.24802
0.06025 0.00532 0.04968 0.18327 0.01028 0.02889 0.02415 0.01772 0.09102 0.02946 0.01366 0.04866 0.01927 0.10819 0.10587 0.06210 0.09845 0.02656 0.00348 0.01372
0.05037 0.01024 0.01999 0.15910 0.02256 0.01752 0.01254 0.22248 0.03418 0.07490 0.02539 0.02205 0.01204 0.02477 0.02432 0.03548 0.03944 0.17265 0.00449 0.01550
0.11904 0.01331 0.01970 0.03482 0.14084 0.02305 0.01687 0.06506 0.03897 0.08309 0.03233 0.02571 0.01557 0.02920 0.08000 0.04724 0.05071 0.13246 0.00727 0.02477
0.05956 0.00857 0.03241 0.05662 0.01820 0.02531 0.01997 0.09275 0.18291 0.05054 0.02048 0.03598 0.01684 0.04414 0.05002 0.05272 0.15955 0.05194 0.00474 0.01676
0.06952 0.01205 0.02430 0.04107 0.02414 0.08849 0.01653 0.04868 0.04322 0.11863 0.02497 0.02944 0.01701 0.03199 0.03103 0.17826 0.05132 0.12440 0.00565 0.01929
0.06491 0.00817 0.09105 0.06984 0.01702 0.02873 0.02129 0.08502 0.06705 0.04512 0.01928 0.04247 0.12195 0.04814 0.04287 0.06021 0.10130 0.04434 0.00451 0.01674
0.12254 0.01055 0.02819 0.04420 0.02107 0.02608 0.01594 0.18178 0.04467 0.05710 0.02227 0.15864 0.01595 0.03223 0.03133 0.05090 0.04677 0.06784 0.00488 0.01706
0.06221 0.00627 0.05232 0.07941 0.01168 0.08245 0.07835 0.02010 0.07355 0.03133 0.01416 0.15925 0.01909 0.05188 0.04614 0.06183 0.10304 0.02960 0.00352 0.01382
0.05925 0.00588 0.04734 0.13036 0.01327 0.02803 0.07456 0.02106 0.13395 0.03340 0.01498 0.04636 0.01870 0.05562 0.05674 0.05965 0.04726 0.03011 0.00400 0.11947
0.12986 0.00443 0.44309 0.07735 0.00648 0.03083 0.01494 0.01133 0.03829 0.01665 0.00692 0.04467 0.01577 0.03361 0.02161 0.04568 0.03081 0.01779 0.00188 0.00800
0.05383 0.01203 0.01202 0.01995 0.02485 0.15715 0.01014 0.23981 0.02204 0.07820 0.02680 0.01639 0.01155 0.01698 0.01778 0.03467 0.04018 0.18458 0.00485 0.01620
0.03224 0.00629 0.01380 0.01962 0.02677 0.01776 0.01111 0.01989 0.02377 0.03164 0.01103 0.01533 0.37747 0.01581 0.01913 0.02655 0.02293 0.02509 0.25765 0.02611
0.05788 0.00617 0.04276 0.07298 0.01268 0.02700 0.02308 0.02272 0.14186 0.14199 0.01563 0.09753 0.01818 0.10398 0.06142 0.05726 0.04640 0.03177 0.00396 0.01476
